1, 4, 5, 39, 9, 43, 15, 19, 21, 61
33, 67, 4, 5, 9, 11, 19, 20, 25, 15
65, 3, 4, 5, 9, 19, 20, 25, 27, 61
1, 4, 5, 6, 9, 16, 18, 19, 21, 61
31, 4, 5, 8, 9, 44, 49, 19, 25, 61
1, 4, 6, 39, 9, 16, 21, 27, 61, 59
3, 4, 6, 19, 9, 15, 25, 27, 61, 59
1, 4, 6, 9, 15, 19, 21, 27, 61, 5
2, 4, 5, 41, 9, 16, 19, 21, 60, 61
1, 36, 5, 53, 49, 19, 4, 25, 27, 31
1, 4, 5, 39, 9, 15, 19, 21, 27, 61
4, 5, 39, 9, 15, 18, 36, 47, 27, 61
1, 67, 4, 9, 19, 20, 25, 30, 64, 21
3, 4, 39, 9, 21, 24, 25, 64, 32, 18
26, 67, 4, 5, 9, 15, 19, 61, 64, 39
1, 4, 8, 9, 46, 41, 19, 21, 32, 6
50, 67, 4, 5, 9, 43, 20, 25, 30, 64
1, 4, 5, 8, 9, 49, 19, 25, 61, 20
1, 48, 4, 39, 9, 15, 19, 21, 30, 64
1, 34, 4, 5, 9, 19, 21, 58, 61, 25
1, 4, 5, 9, 20, 53, 54, 19, 25, 61
1, 65, 4, 5, 9, 19, 23, 27, 61, 32
4, 9, 11, 16, 19, 52, 21, 25, 27, 32
66, 4, 5, 9, 19, 20, 27, 61, 32, 1
4, 5, 9, 16, 19, 20, 32, 23, 58, 54
4, 5, 8, 62, 19, 20, 23, 25, 61, 32
1, 34, 4, 5, 9, 16, 19, 20, 61, 32
1, 4, 5, 9, 19, 20, 23, 25, 59, 63
34, 4, 5, 9, 19, 20, 53, 32, 66, 7
1, 65, 4, 5, 9, 16, 62, 61, 32, 67
4, 5, 9, 19, 20, 54, 23, 32, 16, 58
4, 5, 9, 19, 20, 23, 25, 61, 32, 34
65, 4, 5, 10, 19, 23, 27, 61, 31, 32
65, 4, 5, 9, 20, 55, 25, 27, 61, 32
4, 6, 41, 19, 20, 28, 31, 32, 16, 25
1, 4, 5, 23, 16, 19, 20, 22, 55, 32
4, 5, 9, 11, 21, 23, 56, 49, 27, 32
1, 65, 4, 5, 9, 19, 23, 25, 61, 32
34, 4, 5, 51, 15, 16, 19, 20, 61, 32
69, 4, 23, 8, 9, 19, 20, 13, 55, 32
4, 5, 7, 9, 19, 20, 21, 25, 27, 64
3, 4, 5, 40, 7, 19, 20, 25, 37, 28
2, 4, 9, 19, 20, 54, 58, 59, 27, 43
33, 2, 4, 5, 9, 42, 49, 20, 57, 59
33, 3, 4, 69, 19, 20, 25, 5, 30, 49
3, 4, 5, 38, 9, 19, 20, 25, 37, 27
20, 3, 5, 38, 6, 19, 52, 58, 27, 49
3, 4, 5, 38, 9, 20, 21, 25, 27, 28
3, 4, 5, 9, 45, 35, 50, 19, 52, 64
52, 3, 4, 5, 9, 46, 20, 25, 64, 27
3, 4, 5, 38, 9, 43, 17, 58, 27, 62
20, 2, 3, 4, 9, 19, 52, 25, 56, 58
20, 2, 3, 4, 33, 67, 19, 52, 25, 58
3, 4, 5, 38, 7, 19, 20, 25, 27, 39
2, 3, 4, 5, 66, 41, 49, 9, 19, 58
52, 3, 4, 5, 9, 19, 20, 25, 27, 63
20, 3, 4, 5, 16, 19, 52, 23, 27, 58
33, 20, 3, 36, 64, 18, 19, 4, 25, 58
4, 5, 9, 49, 50, 36, 58, 27, 39, 63
2, 4, 5, 38, 15, 25, 19, 20, 57, 30
4, 5, 9, 48, 19, 20, 31, 25, 27, 63
3, 4, 5, 9, 20, 21, 27, 28, 67, 48
66, 3, 5, 9, 44, 23, 16, 26, 27, 42
4, 5, 9, 48, 20, 25, 27, 13, 63, 67
66, 3, 63, 9, 11, 44, 54, 25, 27, 19
1, 3, 5, 70, 9, 42, 18, 21, 56, 27
4, 5, 7, 9, 42, 18, 21, 56, 27, 63
4, 5, 9, 44, 13, 16, 23, 25, 63, 27
3, 41, 42, 14, 67, 48, 54, 27, 61, 30
3, 36, 6, 9, 48, 20, 53, 54, 28, 30
4, 5, 9, 66, 48, 53, 54, 25, 27, 63
3, 6, 39, 9, 42, 15, 53, 25, 58, 27
4, 5, 9, 44, 13, 19, 25, 26, 27, 63
4, 5, 9, 48, 19, 25, 58, 27, 63, 68
3, 4, 69, 11, 68, 56, 25, 27, 29, 5
4, 39, 9, 48, 19, 21, 25, 27, 63, 23
3, 4, 9, 44, 51, 36, 54, 25, 30, 27
3, 5, 70, 9, 48, 19, 27, 28, 30, 6
4, 5, 9, 16, 49, 25, 26, 27, 30, 63
3, 39, 17, 51, 21, 58, 27, 63, 4, 9
3, 4, 5, 9, 48, 19, 20, 22, 58, 27
1, 4, 5, 9, 57, 19, 54, 25, 26, 22
1, 4, 38, 9, 43, 19, 23, 25, 29, 5
1, 4, 5, 9, 18, 19, 22, 55, 54, 25
3, 4, 5, 9, 49, 22, 23, 27, 59, 19
1, 4, 5, 9, 19, 20, 21, 22, 27, 54
3, 4, 5, 9, 44, 19, 55, 23, 60, 64
3, 4, 5, 9, 48, 49, 18, 19, 23, 25
1, 3, 4, 5, 9, 18, 19, 23, 25, 60
3, 4, 5, 9, 48, 49, 18, 19, 23, 25
3, 4, 5, 9, 18, 19, 23, 7, 62, 55
1, 4, 5, 9, 19, 54, 23, 26, 60, 29
1, 3, 4, 5, 9, 18, 19, 22, 25, 60
4, 5, 9, 17, 20, 22, 25, 26, 28, 11
1, 3, 4, 5, 9, 18, 19, 57, 26, 31
3, 4, 5, 9, 49, 19, 23, 25, 62, 64
3, 4, 5, 9, 48, 68, 19, 23, 25, 59
3, 4, 5, 9, 19, 54, 25, 26, 27, 64
3, 4, 5, 63, 9, 18, 19, 23, 69, 64
3, 4, 5, 9, 19, 54, 25, 26, 27, 64
3, 4, 5, 39, 48, 19, 58, 61, 32, 37
1, 3, 4, 5, 7, 9, 21, 23, 62, 55
3, 4, 5, 9, 15, 17, 20, 21, 25, 32
3, 4, 5, 39, 17, 20, 25, 61, 32, 48
3, 4, 5, 9, 19, 25, 61, 62, 32, 26
3, 4, 5, 39, 9, 14, 15, 17, 20, 61
20, 4, 5, 9, 44, 49, 27, 61, 32, 40
3, 4, 69, 9, 44, 19, 21, 26, 61, 32
3, 4, 69, 7, 9, 61, 21, 5, 54, 29
3, 4, 5, 7, 9, 14, 19, 21, 62, 32
3, 4, 69, 9, 44, 19, 24, 5, 27, 32
33, 3, 69, 9, 19, 21, 22, 27, 61, 32
3, 4, 5, 7, 9, 61, 69, 29, 32, 25
3, 4, 5, 70, 9, 44, 67, 19, 61, 32
3, 4, 38, 9, 67, 15, 42, 61, 32, 34
3, 4, 7, 9, 44, 48, 20, 28, 61, 32
3, 4, 7, 9, 44, 48, 20, 28, 61, 32
3, 4, 5, 7, 67, 19, 25, 61, 32, 9
3, 4, 5, 9, 20, 55, 25, 28, 32, 61
33, 3, 5, 11, 9, 44, 13, 27, 61, 32
3, 4, 5, 9, 12, 19, 23, 25, 27, 62
3, 4, 5, 9, 12, 19, 23, 25, 27, 62
3, 4, 5, 9, 48, 41, 25, 27, 62, 32
3, 4, 38, 9, 49, 54, 27, 32, 50, 45
3, 4, 38, 9, 45, 49, 50, 25, 27, 32
11, 4, 5, 9, 45, 17, 20, 27, 61, 25
3, 4, 38, 9, 45, 49, 50, 54, 27, 32
1, 4, 5, 9, 50, 19, 20, 27, 61, 32
1, 4, 5, 8, 9, 45, 41, 19, 18, 27
3, 4, 5, 9, 12, 19, 23, 25, 27, 62
3, 4, 5, 9, 12, 51, 25, 27, 61, 32
3, 4, 5, 9, 12, 19, 23, 25, 27, 32
3, 4, 5, 9, 17, 51, 25, 27, 61, 32
3, 4, 5, 9, 12, 19, 23, 25, 27, 32
3, 5, 9, 17, 50, 20, 25, 27, 61, 19
67, 4, 5, 9, 3, 19, 23, 27, 61, 32
67, 4, 5, 9, 19, 20, 27, 61, 59, 3
3, 4, 5, 9, 48, 19, 20, 27, 61, 32
1, 35, 4, 5, 9, 48, 37, 19, 20, 64
1, 35, 4, 5, 70, 19, 21, 23, 25, 27
1, 4, 5, 9, 18, 52, 55, 25, 31, 19
1, 4, 5, 39, 9, 19, 25, 31, 70, 21
1, 4, 5, 39, 13, 46, 64, 21, 27, 28
1, 4, 5, 38, 9, 43, 18, 27, 28, 31
1, 4, 5, 9, 19, 21, 22, 55, 25, 63
1, 4, 7, 39, 9, 45, 19, 21, 25, 31
1, 4, 5, 7, 19, 21, 22, 55, 25, 63
1, 5, 19, 15, 17, 18, 51, 21, 25, 61
1, 4, 5, 70, 9, 15, 19, 21, 57, 63
1, 4, 5, 9, 15, 17, 19, 21, 25, 31
1, 4, 9, 45, 13, 15, 19, 21, 24, 27
1, 4, 9, 13, 41, 19, 21, 57, 63, 5
1, 4, 5, 9, 47, 19, 15, 25, 31, 61
1, 4, 5, 9, 15, 18, 21, 24, 27, 57
1, 4, 5, 39, 9, 13, 57, 25, 28, 31
1, 4, 5, 39, 9, 20, 21, 22, 53, 61
1, 4, 5, 7, 9, 18, 21, 25, 31, 34
1, 4, 5, 39, 9, 52, 21, 29, 27, 31
1, 4, 5, 9, 41, 68, 21, 23, 30, 31
1, 35, 5, 15, 17, 18, 19, 21, 59, 28
3, 4, 5, 9, 45, 15, 21, 27, 61, 32
3, 4, 5, 9, 45, 15, 21, 25, 27, 59
2, 3, 4, 5, 70, 9, 46, 21, 61, 32
32, 4, 5, 69, 59, 25, 26, 27, 61, 30
34, 3, 4, 5, 38, 9, 25, 29, 32, 61
3, 4, 5, 9, 45, 15, 21, 14, 61, 32
3, 4, 5, 9, 45, 15, 21, 25, 61, 32
3, 4, 5, 40, 9, 12, 45, 27, 61, 32
66, 5, 19, 53, 15, 59, 61, 31, 32, 27
3, 4, 5, 9, 15, 16, 27, 64, 61, 32
4, 5, 9, 12, 20, 25, 27, 61, 59, 63
3, 4, 5, 70, 9, 12, 21, 61, 32, 25
3, 4, 5, 9, 41, 7, 25, 27, 59, 32
3, 4, 5, 38, 59, 25, 27, 64, 61, 32
1, 2, 4, 5, 6, 9, 15, 21, 25, 61
3, 4, 5, 9, 19, 25, 27, 64, 61, 32
4, 5, 38, 9, 64, 21, 25, 28, 32, 3
2, 3, 4, 5, 6, 9, 26, 61, 31, 32
3, 4, 5, 70, 9, 12, 15, 21, 61, 32
3, 4, 5, 9, 17, 23, 26, 27, 61, 32
3, 4, 5, 6, 15, 48, 19, 23, 25, 32
3, 4, 5, 9, 48, 50, 19, 25, 61, 18
65, 4, 5, 9, 43, 20, 22, 23, 52, 64
25, 3, 4, 5, 9, 23, 19, 52, 27, 61
3, 4, 5, 6, 9, 21, 56, 25, 32, 15
66, 4, 5, 41, 19, 20, 23, 27, 61, 32
67, 4, 5, 9, 13, 19, 20, 57, 27, 61
66, 3, 4, 5, 9, 38, 19, 20, 41, 67
3, 4, 5, 9, 43, 70, 25, 28, 61, 32
33, 3, 4, 5, 19, 21, 23, 28, 61, 62
3, 4, 5, 9, 43, 15, 20, 28, 61, 32
3, 4, 5, 9, 13, 19, 52, 27, 61, 32
33, 4, 5, 9, 15, 21, 20, 28, 32, 61
3, 4, 5, 9, 11, 25, 28, 61, 32, 67
3, 4, 5, 9, 11, 19, 25, 28, 61, 32
3, 4, 5, 9, 22, 24, 61, 32, 41, 18
3, 4, 38, 13, 50, 20, 23, 27, 25, 68
34, 4, 5, 19, 20, 22, 28, 61, 32, 64
3, 4, 5, 9, 6, 42, 25, 28, 61, 32
3, 4, 5, 38, 9, 13, 15, 19, 37, 61
3, 4, 5, 9, 51, 22, 25, 27, 61, 32
3, 4, 5, 9, 11, 68, 21, 69, 31, 32
3, 4, 5, 9, 50, 19, 41, 25, 27, 32
3, 4, 5, 9, 18, 58, 27, 28, 31, 32
3, 4, 5, 9, 11, 51, 68, 21, 23, 69
3, 4, 5, 9, 50, 7, 41, 25, 61, 32
1, 3, 4, 5, 14, 51, 25, 27, 37, 32
3, 4, 5, 9, 19, 14, 18, 51, 61, 32
3, 4, 5, 9, 57, 25, 27, 32, 51, 61
64, 4, 5, 9, 14, 51, 25, 27, 61, 31
3, 4, 5, 9, 51, 25, 27, 32, 12, 14
3, 4, 34, 9, 54, 15, 51, 25, 27, 46
3, 4, 5, 9, 14, 19, 21, 28, 61, 32
3, 4, 5, 9, 51, 57, 27, 61, 32, 25
3, 4, 5, 39, 9, 25, 37, 61, 32, 51
1, 4, 5, 9, 50, 19, 41, 58, 28, 32
67, 4, 5, 70, 9, 3, 46, 27, 32, 61
3, 4, 5, 9, 16, 19, 23, 61, 32, 51
3, 4, 9, 11, 54, 57, 58, 28, 61, 32
3, 4, 5, 39, 9, 57, 51, 25, 27, 32
3, 68, 9, 42, 14, 15, 19, 25, 61, 32
44, 42, 12, 15, 49, 25, 27, 61, 63, 32
3, 4, 42, 44, 13, 15, 25, 27, 61, 32
65, 3, 42, 44, 19, 56, 28, 61, 32, 9
65, 35, 42, 44, 67, 15, 25, 27, 61, 32
65, 3, 42, 44, 14, 18, 19, 25, 41, 32
3, 38, 9, 42, 25, 27, 46, 32, 18, 58
65, 34, 68, 42, 12, 17, 25, 58, 27, 32
33, 65, 3, 9, 15, 20, 25, 27, 61, 32
68, 9, 42, 11, 12, 25, 58, 27, 61, 32
68, 9, 42, 11, 12, 4, 27, 61, 32, 49
3, 70, 38, 9, 67, 14, 50, 25, 61, 32
65, 33, 3, 9, 45, 40, 51, 25, 61, 32
3, 38, 44, 18, 25, 58, 27, 31, 32, 9
65, 33, 3, 9, 18, 21, 55, 25, 61, 32
2, 3, 9, 44, 17, 18, 27, 61, 32, 69
3, 33, 69, 9, 45, 14, 50, 25, 61, 32
65, 33, 12, 9, 44, 25, 27, 61, 32, 3
13, 3, 9, 38, 35, 54, 25, 27, 32, 61
3, 38, 9, 24, 12, 15, 21, 45, 63, 32
33, 3, 4, 39, 9, 19, 23, 25, 61, 30
33, 3, 4, 69, 9, 19, 23, 25, 27, 61
33, 3, 4, 69, 9, 14, 41, 25, 30, 28
33, 3, 4, 70, 9, 41, 19, 25, 27, 28
3, 4, 69, 39, 9, 51, 53, 25, 5, 32
3, 4, 69, 39, 9, 51, 53, 25, 5, 32
33, 3, 4, 70, 9, 45, 20, 25, 27, 28
1, 34, 3, 70, 39, 9, 13, 48, 27, 32
33, 3, 4, 68, 42, 67, 25, 27, 28, 54
3, 38, 9, 48, 20, 25, 14, 27, 28, 54
3, 9, 42, 13, 54, 56, 25, 58, 59, 34
34, 3, 4, 5, 9, 19, 25, 27, 61, 70
3, 28, 38, 9, 16, 19, 20, 58, 27, 48
3, 4, 69, 39, 9, 51, 53, 25, 5, 32
3, 4, 69, 39, 9, 51, 53, 25, 5, 32
34, 3, 69, 41, 20, 53, 25, 27, 29, 13
3, 4, 69, 39, 9, 51, 53, 54, 5, 32
3, 69, 9, 42, 67, 51, 53, 25, 32, 1
1, 4, 5, 70, 39, 9, 51, 54, 25, 27
1, 3, 69, 13, 48, 20, 54, 25, 27, 59
33, 4, 6, 46, 48, 22, 25, 32, 61, 64
33, 36, 8, 61, 11, 44, 47, 25, 29, 32
35, 4, 5, 45, 67, 46, 54, 25, 61, 32
33, 67, 37, 41, 44, 47, 48, 25, 61, 32
67, 4, 7, 9, 48, 52, 25, 27, 61, 32
65, 68, 6, 12, 46, 15, 57, 25, 61, 32
68, 4, 47, 52, 21, 22, 25, 61, 63, 32
33, 41, 10, 46, 47, 48, 25, 27, 61, 32
33, 3, 69, 41, 15, 25, 27, 61, 32, 65
35, 36, 9, 47, 48, 50, 22, 25, 61, 32
33, 36, 7, 15, 52, 21, 22, 25, 61, 32
33, 66, 11, 12, 45, 46, 25, 27, 61, 32
33, 65, 5, 45, 46, 47, 55, 25, 61, 32
33, 66, 10, 46, 47, 55, 25, 61, 62, 32
33, 3, 69, 38, 41, 15, 25, 27, 61, 32
65, 68, 6, 12, 46, 52, 25, 27, 61, 32
35, 5, 39, 8, 46, 25, 57, 61, 62, 32
67, 9, 45, 46, 52, 49, 22, 25, 61, 32
2, 35, 10, 12, 46, 47, 52, 21, 61, 32
33, 4, 38, 42, 12, 6, 53, 25, 61, 32
3, 5, 9, 42, 14, 48, 41, 54, 69, 27
3, 4, 5, 9, 42, 23, 25, 27, 16, 57
3, 4, 5, 6, 9, 42, 14, 48, 57, 59
3, 4, 5, 6, 7, 9, 23, 28, 61, 38
3, 4, 5, 6, 9, 43, 14, 48, 57, 59
3, 4, 5, 38, 9, 14, 25, 59, 27, 42
3, 4, 38, 9, 14, 48, 23, 25, 27, 15
3, 4, 5, 38, 9, 42, 14, 25, 27, 59
3, 4, 5, 42, 15, 16, 49, 25, 23, 57
3, 4, 5, 6, 9, 43, 14, 57, 59, 48
3, 4, 5, 14, 15, 16, 57, 27, 59, 31
3, 5, 9, 46, 14, 50, 23, 25, 27, 48
3, 5, 9, 14, 48, 25, 37, 59, 29, 38
3, 36, 5, 9, 42, 56, 59, 61, 27, 70
3, 4, 5, 9, 14, 2, 46, 25, 59, 27
3, 61, 37, 38, 9, 42, 14, 25, 59, 27
3, 4, 5, 9, 42, 16, 49, 25, 57, 27
3, 4, 5, 6, 9, 49, 25, 27, 59, 38
3, 4, 37, 38, 9, 32, 14, 25, 27, 59
3, 36, 5, 9, 14, 4, 23, 25, 59, 27
20, 3, 36, 5, 9, 4, 21, 25, 61, 32
2, 3, 5, 38, 19, 20, 56, 25, 32, 27
4, 5, 44, 13, 57, 19, 20, 25, 26, 27
3, 4, 5, 9, 19, 20, 21, 25, 27, 32
3, 4, 5, 9, 19, 20, 21, 25, 61, 32
3, 4, 5, 9, 43, 20, 21, 25, 61, 32
2, 29, 9, 44, 18, 20, 25, 37, 32, 5
2, 5, 42, 19, 20, 53, 25, 27, 32, 9
67, 4, 5, 9, 44, 19, 20, 27, 61, 32
34, 4, 5, 9, 19, 25, 27, 61, 32, 14
4, 70, 9, 51, 50, 35, 20, 25, 61, 32
3, 4, 5, 70, 40, 9, 20, 25, 27, 31
4, 5, 9, 42, 19, 20, 25, 59, 61, 32
5, 7, 9, 19, 20, 25, 26, 27, 32, 64
67, 4, 9, 14, 41, 20, 53, 64, 61, 32
3, 4, 5, 39, 9, 44, 20, 25, 27, 61
2, 5, 9, 13, 19, 20, 25, 27, 32, 63
2, 67, 5, 9, 44, 19, 20, 25, 27, 32
5, 9, 42, 44, 19, 20, 23, 61, 32, 67
67, 4, 6, 9, 20, 53, 25, 61, 64, 32
1, 4, 5, 9, 19, 21, 25, 61, 31, 32
3, 36, 5, 9, 14, 17, 4, 67, 63, 32
1, 35, 4, 5, 48, 18, 19, 21, 32, 25
1, 4, 5, 11, 19, 25, 58, 28, 32, 18
3, 4, 5, 9, 18, 19, 68, 63, 32, 25
1, 34, 3, 4, 5, 9, 19, 20, 25, 28
7, 3, 4, 5, 9, 18, 19, 25, 61, 32
1, 34, 4, 5, 17, 19, 21, 58, 31, 32
1, 33, 4, 5, 14, 19, 36, 53, 61, 32
1, 35, 4, 5, 9, 18, 19, 21, 61, 32
1, 34, 4, 5, 9, 14, 18, 19, 61, 29
1, 28, 4, 5, 9, 18, 19, 68, 61, 6
4, 5, 9, 45, 21, 25, 58, 61, 32, 14
1, 34, 4, 5, 14, 48, 18, 19, 25, 61
3, 4, 5, 9, 19, 21, 54, 28, 63, 32
3, 4, 5, 9, 12, 19, 20, 25, 28, 18
33, 3, 4, 9, 14, 19, 54, 63, 32, 5
1, 34, 4, 5, 9, 19, 21, 53, 31, 32
1, 3, 4, 5, 9, 14, 18, 19, 61, 32
3, 4, 5, 9, 42, 12, 20, 25, 28, 32
3, 4, 5, 9, 18, 19, 25, 61, 32, 38
36, 4, 5, 9, 15, 18, 19, 20, 61, 32
3, 4, 5, 13, 19, 53, 25, 61, 30, 32
3, 4, 5, 9, 18, 19, 25, 58, 61, 32
3, 5, 9, 15, 18, 19, 20, 21, 61, 32
3, 5, 15, 18, 19, 53, 25, 69, 61, 9
3, 5, 9, 15, 19, 21, 25, 61, 32, 20
3, 5, 9, 15, 18, 19, 58, 61, 32, 20
3, 4, 5, 9, 18, 19, 20, 21, 25, 32
3, 5, 9, 42, 11, 19, 20, 25, 61, 18
3, 5, 9, 45, 15, 18, 20, 61, 32, 4
3, 5, 9, 15, 18, 19, 20, 61, 32, 12
3, 4, 5, 9, 18, 19, 61, 30, 32, 15
3, 4, 5, 15, 49, 20, 25, 61, 32, 57
3, 5, 40, 9, 42, 18, 19, 20, 69, 61
3, 4, 5, 9, 18, 19, 25, 58, 32, 20
3, 5, 38, 9, 17, 19, 20, 69, 61, 32
3, 5, 9, 15, 25, 69, 61, 32, 17, 4
33, 3, 5, 9, 18, 19, 20, 61, 32, 38
66, 3, 4, 69, 42, 18, 19, 20, 25, 61
33, 3, 4, 5, 42, 48, 19, 22, 60, 63
1, 4, 5, 39, 9, 21, 22, 23, 25, 32
1, 3, 4, 5, 6, 9, 21, 22, 23, 63
1, 34, 4, 5, 9, 15, 19, 22, 23, 32
1, 34, 4, 5, 9, 15, 19, 22, 23, 32
1, 67, 4, 5, 39, 9, 13, 15, 21, 61
3, 4, 5, 9, 20, 21, 22, 25, 30, 32
1, 4, 5, 70, 21, 23, 61, 30, 32, 9
1, 4, 5, 6, 9, 19, 20, 23, 64, 3
1, 3, 5, 39, 9, 41, 19, 23, 56, 63
1, 3, 4, 5, 41, 19, 21, 23, 56, 32
1, 4, 5, 70, 9, 19, 21, 20, 30, 32
1, 66, 4, 5, 39, 9, 15, 19, 20, 24
1, 4, 5, 6, 9, 19, 21, 63, 15, 10
1, 4, 5, 39, 9, 19, 20, 21, 63, 3
6, 4, 5, 70, 9, 16, 21, 23, 61, 32
34, 4, 5, 9, 13, 19, 21, 23, 69, 32
1, 67, 4, 5, 9, 13, 41, 19, 23, 56
33, 3, 4, 17, 9, 45, 20, 23, 32, 19
1, 66, 3, 4, 5, 9, 23, 61, 32, 47
1, 3, 4, 9, 18, 19, 20, 25, 31, 32
35, 4, 9, 61, 3, 19, 20, 25, 29, 32
66, 3, 4, 5, 9, 21, 25, 62, 32, 61
1, 3, 5, 9, 19, 20, 55, 61, 64, 4
66, 3, 4, 5, 9, 13, 46, 19, 27, 32
66, 4, 69, 7, 9, 20, 27, 61, 32, 5
3, 19, 20, 31, 41, 25, 27, 61, 63, 32
1, 3, 4, 5, 9, 45, 25, 27, 61, 32
35, 4, 5, 9, 3, 20, 24, 27, 61, 32
1, 3, 5, 9, 50, 19, 54, 61, 64, 20
66, 3, 4, 9, 19, 20, 24, 27, 61, 32
1, 3, 5, 9, 13, 19, 54, 23, 61, 64
65, 4, 5, 9, 19, 20, 55, 59, 61, 27
3, 4, 5, 9, 35, 20, 24, 27, 61, 32
65, 4, 5, 9, 3, 19, 20, 27, 61, 32
4, 5, 9, 61, 20, 25, 29, 63, 32, 27
3, 4, 69, 9, 46, 19, 20, 27, 64, 58
4, 5, 41, 13, 46, 9, 19, 20, 37, 32
1, 3, 5, 9, 13, 19, 20, 23, 61, 64
35, 4, 9, 13, 19, 20, 27, 61, 32, 39
3, 4, 9, 49, 19, 25, 27, 61, 32, 56
3, 4, 9, 45, 49, 19, 20, 25, 32, 61
3, 4, 37, 39, 9, 48, 19, 20, 25, 27
3, 4, 5, 9, 43, 49, 19, 61, 32, 35
66, 5, 9, 12, 19, 20, 22, 59, 61, 32
20, 4, 5, 39, 9, 16, 41, 36, 27, 31
65, 67, 4, 5, 39, 9, 44, 20, 27, 32
2, 3, 5, 39, 45, 23, 25, 61, 32, 4
3, 4, 5, 9, 35, 16, 19, 56, 61, 32
3, 4, 5, 9, 35, 49, 19, 20, 61, 32
3, 4, 5, 39, 9, 19, 25, 27, 61, 64
65, 4, 70, 9, 42, 41, 19, 25, 61, 32
65, 3, 36, 5, 39, 45, 25, 27, 61, 32
3, 4, 5, 9, 16, 25, 59, 61, 62, 32
3, 4, 39, 9, 19, 25, 27, 64, 61, 32
3, 4, 65, 9, 52, 25, 27, 64, 61, 32
3, 4, 5, 39, 9, 19, 20, 64, 61, 32
3, 4, 5, 9, 43, 25, 27, 28, 32, 52
4, 39, 9, 16, 49, 41, 19, 28, 32, 3
3, 4, 39, 9, 19, 20, 64, 61, 32, 5
1, 42, 5, 9, 13, 18, 19, 25, 32, 61
1, 2, 3, 54, 65, 9, 58, 27, 61, 32
1, 3, 4, 44, 25, 58, 32, 62, 64, 9
33, 3, 4, 9, 18, 21, 58, 64, 61, 32
1, 2, 4, 9, 11, 44, 16, 5, 61, 14
1, 3, 5, 8, 9, 44, 58, 28, 61, 32
66, 4, 9, 44, 45, 14, 25, 61, 32, 39
1, 3, 35, 9, 44, 17, 25, 32, 61, 52
3, 36, 37, 9, 18, 51, 25, 58, 61, 32
33, 4, 38, 12, 14, 57, 25, 32, 61, 64
65, 3, 5, 9, 44, 25, 58, 27, 61, 32
1, 3, 4, 5, 53, 9, 12, 45, 61, 27
3, 9, 42, 11, 55, 57, 28, 61, 30, 32
1, 3, 37, 9, 42, 45, 19, 25, 27, 32
33, 3, 4, 5, 17, 57, 25, 61, 32, 46
1, 3, 4, 9, 44, 17, 25, 61, 30, 32
33, 3, 4, 5, 38, 14, 57, 58, 61, 32
3, 63, 37, 26, 53, 25, 58, 32, 61, 64
1, 3, 4, 9, 18, 54, 25, 27, 61, 50
1, 3, 4, 10, 18, 53, 25, 61, 30, 32
1, 4, 5, 39, 11, 15, 19, 20, 27, 32
4, 5, 43, 9, 18, 23, 25, 27, 61, 63
1, 4, 5, 11, 19, 52, 25, 58, 61, 32
34, 4, 5, 9, 17, 19, 25, 27, 61, 32
3, 4, 5, 9, 19, 27, 28, 61, 63, 32
52, 4, 5, 6, 9, 19, 20, 23, 27, 61
4, 5, 9, 19, 25, 27, 61, 32, 3, 29
34, 4, 5, 39, 9, 19, 23, 58, 27, 61
3, 4, 5, 38, 9, 19, 61, 30, 32, 58
33, 34, 3, 4, 5, 40, 9, 20, 25, 61
35, 42, 5, 39, 9, 25, 27, 32, 63, 38
34, 3, 5, 40, 9, 29, 20, 27, 61, 4
3, 68, 5, 39, 9, 4, 25, 27, 61, 62
33, 3, 4, 5, 9, 23, 25, 61, 62, 32
20, 3, 4, 5, 70, 9, 52, 61, 32, 63
3, 4, 5, 39, 40, 9, 15, 29, 28, 32
3, 4, 5, 38, 39, 9, 52, 27, 61, 15
34, 3, 4, 24, 9, 16, 25, 27, 61, 63
3, 4, 5, 39, 9, 25, 27, 63, 32, 61
17, 5, 38, 7, 40, 9, 19, 61, 32, 27
1, 2, 4, 5, 40, 9, 15, 58, 32, 20
3, 4, 5, 40, 9, 18, 61, 30, 32, 21
52, 3, 2, 9, 18, 19, 20, 61, 25, 34
3, 4, 5, 9, 20, 54, 23, 61, 32, 37
4, 5, 39, 19, 54, 61, 63, 32, 62, 15
1, 4, 5, 6, 40, 9, 18, 21, 23, 25
3, 4, 5, 65, 9, 43, 25, 27, 30, 32
1, 3, 4, 38, 7, 9, 25, 21, 57, 61
3, 4, 5, 9, 20, 25, 58, 29, 63, 32
3, 4, 5, 6, 40, 43, 52, 27, 61, 32
69, 4, 37, 39, 15, 51, 52, 54, 57, 5
3, 4, 5, 6, 7, 40, 9, 18, 61, 54
4, 5, 39, 15, 18, 20, 57, 25, 69, 31
3, 5, 39, 9, 43, 19, 23, 57, 61, 32
3, 4, 5, 53, 40, 9, 18, 20, 54, 27
33, 3, 4, 5, 9, 15, 26, 61, 30, 32
65, 3, 5, 39, 9, 61, 43, 49, 29, 32
2, 4, 5, 6, 40, 42, 15, 54, 61, 32
3, 4, 5, 40, 43, 54, 13, 57, 61, 32
3, 4, 5, 9, 20, 27, 61, 62, 32, 38
3, 4, 69, 43, 17, 20, 21, 55, 25, 5
3, 5, 39, 9, 54, 23, 24, 58, 27, 32
3, 4, 38, 39, 9, 48, 41, 61, 32, 66
3, 4, 5, 9, 58, 21, 27, 61, 63, 32
3, 4, 69, 9, 25, 5, 27, 61, 20, 55
3, 5, 9, 43, 21, 55, 37, 59, 27, 32
3, 4, 5, 9, 14, 56, 25, 55, 27, 32
3, 5, 9, 25, 58, 27, 61, 62, 32, 17
3, 4, 37, 38, 9, 21, 23, 61, 32, 5
3, 4, 69, 39, 9, 41, 56, 25, 5, 32
34, 3, 4, 38, 39, 9, 54, 25, 27, 32
3, 4, 9, 43, 12, 21, 25, 27, 32, 61
3, 4, 37, 38, 9, 43, 56, 25, 27, 32
3, 4, 5, 39, 9, 53, 25, 27, 61, 32
3, 5, 39, 9, 14, 20, 21, 23, 58, 27
2, 3, 4, 6, 39, 9, 54, 23, 58, 61
3, 4, 37, 9, 43, 14, 23, 39, 32, 5
41, 3, 4, 5, 9, 21, 23, 25, 37, 27
3, 4, 44, 9, 43, 21, 25, 61, 32, 20
3, 4, 5, 9, 17, 36, 25, 63, 32, 27
3, 4, 5, 7, 9, 14, 15, 19, 55, 25
3, 4, 5, 7, 9, 43, 19, 25, 27, 50
1, 4, 5, 65, 9, 19, 20, 27, 3, 25
3, 4, 7, 11, 20, 21, 25, 27, 9, 19
3, 5, 6, 9, 17, 19, 54, 27, 30, 70
4, 5, 9, 11, 19, 20, 21, 25, 27, 14
3, 5, 6, 14, 15, 19, 54, 55, 25, 4
1, 4, 5, 6, 14, 15, 19, 22, 25, 38
3, 4, 5, 7, 9, 43, 20, 25, 27, 28
1, 4, 7, 9, 43, 49, 19, 20, 25, 27
1, 4, 5, 9, 14, 15, 19, 20, 55, 61
3, 4, 5, 7, 20, 22, 23, 25, 27, 28
3, 4, 5, 9, 50, 19, 41, 25, 27, 14
2, 3, 6, 7, 11, 19, 20, 25, 27, 30
3, 5, 70, 7, 9, 43, 19, 25, 27, 64
1, 4, 5, 9, 14, 17, 19, 20, 56, 57
3, 4, 5, 9, 43, 17, 19, 20, 25, 27
4, 5, 38, 9, 11, 19, 20, 27, 61, 7
3, 4, 5, 7, 9, 43, 25, 27, 49, 20
3, 4, 38, 9, 11, 20, 25, 27, 70, 30
20, 3, 4, 42, 12, 46, 15, 36, 61, 59
3, 4, 5, 39, 42, 43, 50, 25, 61, 32
3, 4, 11, 12, 22, 25, 26, 27, 61, 32
3, 4, 70, 42, 45, 46, 27, 61, 32, 15
3, 4, 5, 70, 42, 44, 20, 26, 61, 32
3, 4, 5, 70, 42, 44, 56, 27, 61, 32
3, 4, 5, 39, 42, 44, 56, 26, 61, 32
65, 3, 4, 37, 42, 25, 26, 61, 39, 27
3, 4, 70, 42, 43, 44, 25, 27, 61, 32
3, 4, 5, 70, 42, 44, 53, 25, 61, 32
3, 4, 5, 38, 45, 15, 53, 25, 61, 32
3, 4, 70, 42, 44, 19, 53, 27, 29, 32
3, 70, 42, 44, 15, 16, 20, 61, 32, 4
4, 70, 42, 15, 48, 25, 28, 61, 32, 44
3, 4, 5, 6, 44, 45, 25, 61, 32, 65
3, 4, 16, 43, 48, 22, 23, 27, 61, 32
65, 3, 4, 70, 42, 44, 22, 25, 8, 32
3, 4, 70, 42, 45, 13, 16, 19, 61, 31
65, 3, 39, 42, 44, 25, 26, 27, 61, 32
3, 4, 5, 42, 12, 21, 25, 26, 61, 32
1, 4, 5, 9, 47, 19, 25, 27, 61, 32
3, 4, 5, 9, 43, 19, 21, 25, 61, 32
4, 5, 7, 9, 49, 18, 19, 59, 28, 61
3, 4, 5, 43, 19, 54, 25, 27, 32, 1
3, 4, 5, 9, 41, 19, 25, 27, 28, 61
4, 7, 40, 18, 19, 59, 28, 61, 32, 25
3, 4, 5, 40, 18, 19, 23, 25, 27, 32
3, 4, 5, 9, 47, 19, 21, 25, 61, 32
4, 5, 40, 9, 17, 54, 25, 59, 28, 27
3, 4, 5, 9, 43, 19, 20, 21, 61, 32
3, 4, 5, 9, 11, 47, 19, 21, 61, 32
4, 5, 9, 25, 27, 61, 32, 21, 19, 42
4, 5, 40, 42, 19, 20, 21, 25, 69, 9
3, 4, 5, 9, 14, 19, 20, 53, 61, 32
3, 4, 5, 9, 43, 15, 50, 19, 27, 32
3, 4, 5, 9, 43, 49, 19, 21, 61, 32
4, 7, 40, 9, 19, 25, 27, 28, 61, 32
4, 5, 40, 9, 42, 19, 25, 27, 61, 32
3, 4, 5, 9, 16, 20, 25, 61, 32, 27
3, 4, 5, 9, 14, 19, 20, 53, 32, 43
4, 5, 7, 9, 17, 19, 23, 62, 32, 21
1, 4, 5, 9, 15, 21, 55, 61, 32, 27
25, 3, 68, 5, 19, 20, 21, 58, 32, 18
1, 3, 4, 56, 39, 18, 19, 21, 35, 62
1, 3, 4, 5, 9, 15, 19, 25, 61, 32
3, 4, 5, 9, 51, 20, 25, 27, 32, 1
1, 3, 4, 5, 9, 37, 18, 19, 23, 60
3, 4, 5, 9, 19, 21, 23, 28, 32, 20
1, 3, 16, 5, 15, 19, 21, 47, 61, 54
1, 4, 5, 9, 15, 17, 19, 20, 37, 61
2, 3, 4, 5, 9, 19, 20, 25, 27, 28
4, 5, 9, 18, 19, 20, 21, 56, 28, 32
1, 3, 68, 5, 7, 9, 19, 20, 21, 61
1, 3, 5, 41, 67, 19, 56, 27, 61, 62
3, 4, 5, 9, 15, 21, 55, 56, 61, 32
1, 67, 4, 5, 9, 47, 19, 23, 61, 50
1, 3, 4, 9, 14, 20, 21, 54, 61, 19
1, 67, 4, 5, 15, 18, 19, 20, 21, 61
3, 4, 5, 9, 15, 19, 21, 58, 30, 32
1, 3, 4, 5, 9, 14, 20, 21, 25, 61
1, 4, 9, 45, 17, 21, 27, 61, 32, 5
1, 4, 5, 9, 45, 17, 21, 27, 61, 32
1, 4, 5, 9, 45, 17, 41, 27, 61, 32
1, 4, 5, 9, 45, 17, 21, 25, 61, 32
1, 4, 9, 45, 17, 19, 21, 25, 61, 32
1, 4, 5, 9, 45, 47, 21, 59, 61, 32
1, 35, 4, 6, 9, 18, 21, 41, 26, 32
1, 4, 40, 9, 17, 21, 26, 27, 61, 32
1, 4, 5, 7, 9, 18, 19, 25, 64, 21
1, 4, 5, 9, 18, 21, 57, 26, 27, 68
1, 4, 5, 9, 45, 17, 18, 21, 27, 64
1, 4, 9, 42, 15, 41, 21, 61, 32, 18
1, 4, 5, 9, 45, 49, 21, 27, 61, 32
1, 4, 5, 9, 18, 21, 25, 63, 32, 59
1, 35, 4, 5, 9, 45, 17, 21, 27, 32
1, 33, 4, 5, 9, 13, 15, 49, 21, 32
1, 3, 5, 9, 12, 15, 21, 24, 25, 4
38, 4, 5, 6, 9, 11, 19, 21, 25, 32
1, 4, 5, 9, 17, 21, 24, 57, 26, 61
1, 4, 5, 9, 18, 21, 59, 27, 64, 56
65, 3, 4, 5, 9, 15, 19, 25, 58, 61
3, 4, 5, 9, 44, 51, 19, 52, 25, 59
1, 3, 4, 5, 19, 53, 25, 58, 27, 70
3, 4, 5, 9, 35, 19, 54, 25, 58, 29
52, 3, 4, 5, 7, 9, 20, 25, 27, 62
35, 4, 5, 44, 45, 51, 19, 25, 27, 32
1, 3, 4, 9, 42, 19, 54, 25, 58, 27
33, 3, 4, 54, 9, 42, 44, 19, 37, 27
1, 4, 5, 43, 19, 20, 56, 25, 61, 11
65, 3, 4, 5, 9, 45, 19, 25, 58, 27
3, 4, 5, 9, 48, 20, 54, 27, 61, 58
65, 3, 5, 9, 42, 19, 53, 54, 25, 57
3, 4, 7, 9, 42, 44, 19, 25, 58, 27
3, 4, 5, 23, 9, 19, 25, 58, 27, 63
3, 4, 69, 9, 19, 20, 25, 42, 27, 35
3, 4, 5, 39, 9, 54, 25, 27, 29, 30
3, 4, 9, 42, 11, 51, 54, 25, 58, 27
1, 3, 4, 69, 9, 19, 54, 30, 27, 29
3, 36, 5, 9, 44, 23, 25, 58, 27, 4
3, 4, 5, 70, 9, 19, 54, 25, 58, 63
34, 68, 9, 42, 44, 57, 25, 27, 28, 32
5, 9, 42, 44, 23, 25, 27, 61, 32, 70
66, 70, 40, 9, 42, 44, 25, 59, 27, 32
34, 70, 40, 9, 44, 48, 27, 61, 32, 33
68, 70, 9, 42, 44, 41, 25, 27, 61, 32
33, 34, 37, 70, 9, 44, 48, 25, 27, 61
34, 68, 70, 9, 44, 48, 59, 27, 32, 61
67, 68, 70, 9, 61, 44, 52, 23, 32, 36
68, 42, 44, 29, 25, 27, 61, 11, 70, 9
67, 68, 70, 9, 42, 51, 25, 27, 61, 32
65, 68, 54, 42, 43, 35, 25, 27, 32, 61
34, 68, 9, 42, 44, 52, 27, 61, 31, 32
34, 68, 37, 42, 22, 23, 56, 25, 27, 32
65, 6, 7, 9, 42, 23, 57, 27, 61, 32
9, 42, 44, 16, 20, 33, 27, 61, 62, 32
34, 68, 70, 9, 44, 52, 25, 27, 61, 32
66, 36, 9, 42, 44, 12, 23, 58, 61, 32
5, 70, 9, 42, 43, 23, 56, 61, 32, 57
68, 37, 41, 42, 43, 44, 48, 25, 27, 31
34, 68, 70, 42, 51, 25, 59, 61, 27, 32
3, 4, 5, 7, 46, 19, 20, 54, 61, 32
2, 3, 4, 5, 50, 18, 19, 68, 61, 32
52, 4, 5, 39, 19, 20, 54, 61, 64, 3
20, 3, 4, 5, 39, 19, 52, 54, 64, 32
20, 3, 4, 5, 39, 19, 52, 61, 64, 54
3, 4, 5, 42, 47, 49, 18, 19, 20, 32
20, 3, 4, 5, 39, 19, 52, 54, 61, 64
33, 4, 5, 7, 40, 17, 19, 20, 54, 61
3, 5, 39, 11, 18, 19, 20, 54, 61, 32
65, 4, 7, 47, 19, 20, 53, 24, 32, 5
1, 35, 4, 5, 17, 19, 20, 54, 61, 32
33, 4, 5, 70, 17, 18, 19, 20, 54, 61
65, 3, 4, 5, 38, 19, 20, 22, 61, 32
3, 4, 5, 50, 20, 55, 69, 61, 30, 32
3, 5, 39, 40, 17, 19, 20, 54, 61, 32
65, 34, 4, 5, 43, 18, 19, 28, 61, 64
33, 4, 5, 70, 7, 17, 20, 54, 61, 3
65, 34, 4, 5, 43, 19, 22, 61, 32, 49
2, 3, 4, 5, 50, 18, 19, 53, 61, 32
3, 5, 6, 39, 17, 19, 54, 56, 60, 29
3, 4, 5, 7, 19, 21, 27, 61, 32, 9
3, 4, 5, 9, 18, 19, 20, 25, 27, 28
3, 4, 18, 19, 21, 25, 57, 27, 32, 5
3, 4, 5, 7, 9, 19, 21, 25, 27, 32
3, 4, 7, 18, 19, 25, 28, 62, 32, 5
3, 4, 5, 41, 42, 45, 15, 19, 25, 27
3, 4, 5, 7, 45, 48, 21, 22, 25, 27
3, 4, 5, 9, 19, 21, 25, 27, 12, 32
3, 4, 38, 41, 15, 18, 19, 25, 58, 20
3, 4, 5, 9, 42, 19, 28, 21, 27, 32
3, 4, 5, 9, 48, 19, 20, 21, 25, 27
1, 68, 5, 18, 19, 4, 21, 25, 27, 64
3, 68, 5, 7, 9, 4, 21, 25, 27, 32
3, 4, 5, 7, 42, 13, 46, 15, 56, 27
4, 5, 70, 9, 42, 19, 20, 37, 61, 22
3, 4, 5, 9, 13, 19, 20, 25, 27, 28
66, 3, 4, 9, 24, 27, 64, 61, 32, 5
1, 4, 5, 70, 7, 41, 45, 21, 25, 32
3, 4, 64, 9, 47, 19, 20, 21, 32, 61
1, 4, 5, 9, 29, 49, 19, 27, 61, 32
67, 4, 5, 70, 19, 20, 59, 27, 32, 58
4, 9, 45, 17, 20, 21, 25, 27, 61, 32
4, 9, 45, 17, 51, 20, 25, 27, 61, 32
3, 4, 9, 11, 19, 20, 56, 25, 59, 32
3, 4, 5, 9, 51, 49, 19, 20, 57, 32
3, 4, 70, 9, 15, 20, 27, 25, 55, 6
67, 4, 15, 17, 51, 20, 25, 27, 61, 32
3, 4, 5, 9, 46, 25, 64, 61, 30, 32
3, 4, 5, 9, 43, 46, 20, 61, 32, 70
3, 4, 9, 14, 20, 55, 57, 61, 32, 50
3, 9, 12, 13, 35, 19, 59, 61, 32, 4
3, 4, 70, 9, 17, 51, 55, 61, 32, 5
3, 4, 5, 9, 46, 15, 17, 20, 69, 30
4, 70, 40, 9, 46, 25, 61, 32, 18, 3
3, 4, 5, 67, 19, 20, 59, 61, 30, 64
1, 68, 24, 9, 48, 27, 61, 59, 32, 4
35, 4, 41, 13, 46, 9, 51, 61, 63, 32
3, 9, 45, 5, 25, 64, 61, 48, 32, 20
4, 70, 46, 17, 20, 21, 25, 61, 32, 9
3, 4, 9, 11, 18, 15, 17, 56, 25, 32
1, 52, 4, 5, 9, 19, 20, 21, 61, 44
3, 4, 5, 9, 18, 20, 21, 22, 61, 32
3, 4, 5, 9, 19, 20, 21, 22, 61, 32
3, 4, 5, 9, 19, 20, 21, 22, 61, 32
3, 4, 5, 66, 21, 37, 27, 28, 29, 32
4, 5, 9, 18, 19, 21, 22, 25, 49, 1
1, 3, 4, 5, 18, 19, 56, 25, 61, 32
4, 5, 9, 12, 46, 19, 22, 58, 28, 32
3, 4, 5, 70, 18, 19, 20, 22, 27, 32
3, 4, 5, 9, 41, 20, 22, 27, 61, 32
3, 4, 5, 9, 48, 24, 21, 25, 61, 32
67, 4, 5, 9, 20, 21, 37, 61, 32, 3
1, 3, 4, 5, 70, 18, 19, 56, 61, 32
1, 4, 5, 70, 12, 21, 22, 25, 32, 19
52, 3, 5, 9, 19, 20, 21, 37, 61, 44
52, 3, 4, 5, 9, 20, 21, 37, 61, 32
2, 4, 5, 9, 51, 18, 19, 55, 61, 32
3, 4, 5, 9, 20, 21, 22, 25, 61, 32
2, 4, 5, 9, 18, 19, 21, 22, 56, 32
1, 3, 4, 5, 70, 18, 52, 25, 61, 32
4, 5, 6, 9, 15, 18, 19, 25, 46, 32
4, 5, 9, 42, 44, 15, 20, 22, 55, 57
4, 5, 40, 9, 41, 19, 20, 21, 23, 32
4, 5, 9, 44, 17, 19, 23, 58, 32, 37
4, 5, 6, 9, 20, 23, 58, 27, 62, 32
4, 5, 40, 9, 19, 23, 58, 27, 30, 32
4, 5, 6, 40, 9, 18, 19, 56, 27, 62
3, 4, 5, 9, 13, 19, 20, 23, 61, 32
2, 3, 4, 9, 68, 19, 20, 25, 27, 30
4, 5, 9, 19, 23, 25, 26, 27, 60, 32
4, 5, 9, 13, 18, 19, 54, 23, 27, 32
4, 5, 9, 15, 20, 22, 55, 57, 58, 62
4, 5, 6, 40, 9, 18, 23, 27, 32, 25
3, 4, 5, 9, 13, 19, 20, 25, 27, 32
3, 4, 5, 49, 19, 50, 25, 27, 32, 9
4, 5, 53, 40, 9, 18, 19, 23, 27, 32
66, 3, 4, 5, 70, 9, 44, 23, 27, 38
35, 4, 5, 70, 3, 21, 23, 25, 59, 32
3, 4, 9, 42, 13, 57, 27, 61, 32, 44
3, 5, 9, 15, 20, 22, 26, 27, 61, 32
1, 67, 4, 5, 9, 19, 18, 25, 27, 32
1, 67, 4, 5, 9, 19, 25, 27, 32, 18
1, 4, 5, 10, 16, 18, 19, 25, 27, 32
18, 4, 5, 9, 49, 20, 22, 25, 27, 32
1, 33, 3, 4, 5, 9, 19, 25, 32, 68
3, 4, 5, 46, 19, 20, 25, 10, 61, 32
1, 4, 5, 9, 18, 19, 25, 59, 61, 32
1, 67, 4, 5, 9, 19, 22, 10, 25, 32
33, 3, 4, 5, 9, 44, 20, 53, 27, 32
1, 4, 5, 44, 43, 18, 19, 25, 59, 32
1, 33, 4, 5, 39, 18, 19, 23, 25, 32
67, 4, 5, 3, 46, 19, 22, 23, 61, 32
1, 4, 5, 9, 19, 20, 13, 25, 32, 18
1, 33, 3, 4, 5, 11, 60, 19, 25, 32
1, 33, 68, 5, 9, 19, 25, 32, 4, 43
1, 4, 5, 46, 18, 19, 23, 25, 26, 32
3, 4, 5, 9, 48, 19, 20, 23, 25, 32
3, 4, 5, 46, 19, 20, 25, 27, 61, 32
1, 4, 5, 9, 16, 18, 23, 25, 27, 32
1, 4, 5, 46, 20, 23, 61, 63, 32, 22
3, 4, 9, 42, 15, 19, 53, 44, 62, 20
33, 3, 5, 9, 48, 19, 20, 29, 32, 4
3, 4, 5, 6, 9, 16, 19, 20, 25, 32
3, 4, 9, 46, 19, 20, 22, 61, 63, 5
3, 68, 14, 9, 46, 47, 19, 20, 25, 61
3, 4, 5, 70, 9, 19, 20, 27, 61, 32
34, 3, 4, 9, 61, 21, 27, 29, 31, 32
3, 4, 9, 61, 19, 52, 27, 29, 32, 5
64, 3, 4, 9, 61, 19, 20, 29, 52, 32
3, 4, 9, 43, 46, 19, 20, 61, 63, 32
35, 4, 9, 61, 3, 19, 20, 29, 31, 2
3, 4, 5, 9, 46, 19, 27, 61, 63, 32
33, 3, 4, 5, 9, 45, 46, 19, 20, 32
3, 4, 5, 9, 43, 21, 25, 26, 61, 32
34, 4, 5, 9, 61, 19, 20, 29, 31, 32
3, 4, 5, 9, 61, 46, 19, 56, 29, 32
33, 3, 5, 9, 51, 69, 27, 32, 63, 64
3, 4, 5, 9, 19, 20, 53, 31, 32, 28
4, 5, 38, 46, 15, 19, 56, 27, 61, 32
3, 4, 5, 9, 19, 20, 26, 61, 63, 55
3, 4, 5, 9, 19, 20, 25, 59, 61, 32
3, 4, 37, 9, 19, 25, 58, 61, 32, 5
3, 4, 5, 9, 44, 49, 19, 20, 25, 27
20, 67, 68, 5, 43, 3, 19, 4, 61, 32
3, 4, 5, 39, 9, 58, 61, 32, 46, 27
3, 4, 5, 39, 9, 19, 25, 53, 27, 32
3, 4, 5, 9, 44, 19, 53, 54, 58, 32
3, 4, 5, 9, 19, 25, 58, 59, 61, 32
22, 4, 5, 9, 48, 49, 19, 20, 25, 61
3, 14, 5, 9, 50, 19, 27, 61, 32, 20
3, 4, 5, 9, 43, 19, 20, 58, 61, 32
33, 4, 5, 9, 18, 19, 36, 25, 61, 32
3, 4, 5, 46, 19, 20, 54, 25, 61, 21
3, 4, 5, 70, 49, 19, 20, 21, 27, 32
33, 3, 4, 5, 9, 58, 25, 27, 61, 32
33, 4, 5, 9, 19, 20, 25, 27, 61, 32
3, 5, 9, 49, 19, 20, 25, 27, 32, 43
3, 4, 5, 9, 49, 20, 25, 58, 27, 32
3, 4, 5, 43, 44, 19, 20, 25, 27, 32
67, 4, 70, 9, 49, 19, 20, 21, 61, 32
3, 4, 5, 9, 15, 50, 19, 36, 27, 32
4, 5, 40, 11, 46, 51, 21, 57, 32, 19
65, 3, 4, 50, 9, 15, 21, 5, 27, 32
3, 4, 5, 9, 42, 15, 21, 57, 27, 32
65, 3, 5, 40, 9, 15, 19, 25, 27, 32
35, 4, 5, 40, 9, 17, 50, 55, 57, 32
35, 4, 5, 40, 9, 17, 50, 55, 57, 32
4, 5, 9, 15, 57, 37, 56, 32, 27, 19
65, 4, 69, 9, 15, 21, 25, 5, 32, 27
65, 3, 5, 9, 15, 21, 25, 32, 4, 39
65, 4, 5, 40, 9, 44, 15, 21, 32, 55
1, 4, 5, 9, 44, 25, 57, 27, 32, 19
3, 4, 37, 40, 9, 42, 17, 51, 25, 27
3, 4, 5, 9, 43, 67, 15, 19, 25, 59
35, 4, 5, 40, 9, 17, 50, 55, 57, 32
1, 4, 69, 9, 46, 15, 25, 27, 29, 32
1, 4, 9, 15, 50, 19, 52, 25, 29, 69
65, 4, 69, 9, 46, 15, 25, 26, 27, 32
65, 67, 4, 5, 43, 15, 19, 25, 59, 32
3, 4, 5, 41, 51, 21, 23, 25, 37, 27
3, 4, 5, 70, 9, 12, 19, 68, 54, 27
3, 4, 5, 9, 19, 20, 25, 27, 61, 32
3, 4, 5, 70, 46, 20, 27, 64, 61, 32
3, 4, 5, 9, 19, 20, 25, 27, 61, 51
33, 3, 4, 5, 9, 19, 20, 25, 69, 32
3, 4, 5, 9, 19, 20, 25, 59, 61, 27
3, 69, 70, 9, 20, 54, 25, 5, 27, 19
33, 3, 4, 5, 9, 19, 20, 25, 69, 32
3, 4, 69, 9, 42, 16, 19, 20, 27, 61
3, 4, 9, 42, 46, 19, 20, 27, 61, 32
36, 4, 5, 9, 68, 19, 20, 25, 54, 61
3, 5, 9, 19, 20, 25, 27, 64, 61, 32
3, 4, 69, 9, 42, 16, 19, 20, 61, 32
3, 4, 5, 9, 46, 18, 19, 53, 25, 27
3, 4, 5, 9, 13, 19, 20, 59, 61, 32
33, 3, 4, 5, 7, 9, 19, 20, 69, 32
3, 4, 5, 9, 19, 20, 53, 25, 31, 32
3, 4, 15, 19, 20, 22, 25, 27, 61, 63
3, 4, 69, 9, 46, 19, 20, 27, 61, 31
3, 4, 5, 9, 42, 20, 53, 25, 27, 32
4, 5, 9, 14, 15, 23, 57, 69, 27, 61
34, 4, 5, 9, 14, 15, 21, 37, 27, 28
3, 4, 5, 9, 14, 15, 41, 25, 27, 48
3, 4, 5, 9, 14, 15, 41, 57, 27, 61
34, 4, 69, 9, 14, 15, 21, 57, 27, 5
3, 4, 5, 9, 15, 41, 25, 27, 61, 32
3, 4, 5, 39, 9, 14, 41, 27, 61, 32
3, 4, 5, 9, 14, 25, 57, 37, 27, 61
3, 4, 9, 11, 15, 48, 51, 25, 27, 5
3, 4, 5, 9, 14, 15, 21, 25, 37, 32
34, 3, 5, 6, 41, 14, 15, 25, 58, 9
3, 4, 9, 11, 14, 41, 25, 57, 27, 32
3, 4, 5, 9, 15, 48, 21, 27, 32, 41
3, 4, 5, 9, 11, 25, 37, 27, 61, 32
3, 4, 5, 9, 14, 25, 57, 27, 32, 61
4, 5, 39, 15, 48, 57, 25, 27, 30, 32
3, 4, 9, 11, 14, 41, 25, 57, 27, 32
3, 4, 9, 11, 14, 41, 25, 57, 27, 32
3, 4, 5, 9, 14, 15, 41, 27, 61, 37
3, 4, 5, 9, 15, 33, 41, 25, 57, 32
33, 2, 3, 4, 5, 9, 21, 22, 23, 32
33, 3, 4, 11, 45, 21, 22, 23, 61, 32
3, 4, 38, 9, 46, 15, 56, 61, 31, 32
3, 4, 5, 39, 9, 15, 21, 27, 61, 70
2, 35, 4, 17, 20, 21, 26, 58, 27, 22
3, 4, 5, 9, 51, 19, 59, 27, 31, 32
3, 4, 5, 38, 9, 48, 21, 26, 69, 32
3, 4, 5, 9, 13, 35, 21, 26, 61, 32
3, 4, 5, 9, 19, 56, 69, 59, 61, 32
2, 3, 34, 70, 9, 43, 19, 54, 61, 32
3, 4, 5, 38, 9, 14, 15, 19, 69, 59
34, 3, 4, 37, 38, 46, 21, 27, 61, 31
3, 4, 5, 9, 43, 51, 21, 18, 27, 32
33, 3, 4, 5, 9, 37, 51, 21, 58, 31
66, 3, 4, 38, 9, 17, 51, 36, 23, 48
3, 6, 9, 19, 51, 20, 21, 61, 38, 32
3, 4, 5, 9, 11, 52, 69, 61, 32, 2
3, 4, 69, 9, 14, 46, 70, 21, 24, 61
33, 3, 4, 5, 9, 47, 34, 23, 32, 48
2, 3, 4, 5, 9, 15, 20, 24, 61, 32
1, 3, 4, 9, 14, 19, 21, 56, 62, 5
3, 5, 9, 14, 16, 20, 57, 27, 63, 4
1, 5, 9, 45, 14, 46, 58, 27, 63, 4
3, 4, 5, 9, 14, 15, 50, 27, 62, 52
20, 3, 68, 37, 9, 4, 25, 5, 59, 27
3, 4, 5, 9, 14, 16, 20, 57, 69, 62
3, 4, 69, 9, 14, 15, 25, 57, 27, 64
3, 5, 9, 45, 46, 14, 57, 58, 27, 64
66, 3, 4, 5, 9, 42, 25, 27, 32, 46
67, 4, 69, 9, 3, 46, 25, 28, 63, 64
3, 4, 5, 9, 42, 20, 70, 56, 58, 27
65, 4, 5, 9, 43, 57, 20, 25, 27, 63
3, 4, 5, 9, 42, 14, 25, 27, 62, 63
3, 4, 37, 9, 51, 15, 19, 25, 27, 32
3, 4, 69, 9, 44, 14, 15, 48, 19, 25
3, 4, 9, 14, 15, 19, 25, 26, 27, 32
66, 3, 4, 5, 9, 42, 25, 27, 32, 16
3, 53, 5, 9, 14, 25, 58, 27, 63, 50
65, 4, 5, 9, 15, 16, 20, 57, 27, 63
3, 5, 47, 50, 15, 57, 25, 58, 27, 63
3, 5, 70, 9, 42, 44, 19, 55, 61, 27
3, 68, 9, 42, 44, 29, 56, 25, 27, 61
3, 70, 9, 41, 20, 25, 27, 61, 32, 62
3, 70, 9, 44, 17, 41, 53, 27, 62, 32
33, 3, 70, 44, 55, 25, 27, 61, 32, 9
45, 70, 42, 44, 55, 25, 58, 27, 61, 32
33, 3, 9, 41, 53, 55, 25, 27, 61, 32
3, 70, 9, 13, 41, 20, 17, 25, 27, 61
3, 50, 9, 67, 41, 19, 25, 27, 61, 32
33, 67, 9, 41, 53, 55, 25, 27, 61, 32
1, 70, 9, 17, 52, 53, 25, 21, 61, 32
66, 3, 37, 9, 61, 41, 51, 27, 29, 32
57, 3, 38, 9, 19, 53, 55, 25, 27, 61
3, 70, 39, 42, 44, 55, 57, 27, 32, 38
2, 31, 9, 42, 51, 53, 55, 61, 62, 32
33, 3, 39, 9, 42, 50, 51, 53, 55, 25
68, 5, 39, 9, 42, 44, 55, 61, 62, 27
3, 70, 50, 9, 41, 20, 25, 28, 61, 32
68, 5, 39, 9, 46, 51, 25, 27, 61, 21
65, 3, 38, 9, 42, 44, 67, 10, 24, 61
3, 4, 5, 9, 44, 51, 61, 62, 32, 46
34, 3, 4, 5, 9, 12, 15, 51, 32, 62
44, 4, 5, 9, 42, 11, 13, 51, 15, 32
3, 4, 5, 6, 7, 9, 26, 62, 32, 20
1, 4, 5, 9, 42, 51, 64, 61, 62, 32
23, 3, 4, 5, 13, 30, 19, 20, 26, 62
3, 9, 35, 15, 19, 57, 58, 62, 32, 20
3, 4, 5, 9, 43, 14, 15, 19, 62, 32
65, 3, 40, 42, 7, 44, 20, 23, 61, 32
1, 4, 5, 9, 44, 45, 51, 61, 62, 32
65, 4, 9, 11, 44, 19, 51, 23, 61, 32
1, 4, 5, 44, 46, 36, 29, 12, 32, 9
36, 3, 4, 5, 9, 30, 20, 26, 62, 44
65, 4, 5, 36, 44, 12, 26, 61, 32, 42
66, 3, 4, 5, 38, 9, 29, 51, 61, 32
2, 3, 9, 35, 15, 19, 58, 62, 32, 4
3, 4, 9, 19, 51, 20, 53, 62, 32, 14
66, 3, 69, 9, 15, 19, 20, 38, 61, 30
3, 4, 5, 9, 44, 51, 36, 23, 64, 20
3, 4, 5, 9, 44, 30, 20, 26, 62, 23
36, 5, 42, 18, 20, 25, 57, 27, 32, 19
2, 4, 5, 14, 50, 19, 20, 25, 27, 61
66, 5, 2, 11, 48, 17, 20, 55, 27, 61
66, 4, 70, 8, 41, 47, 18, 19, 25, 62
2, 4, 5, 51, 17, 19, 20, 55, 27, 61
2, 4, 39, 9, 17, 50, 20, 27, 61, 36
2, 4, 12, 50, 19, 20, 25, 27, 61, 32
4, 70, 12, 48, 50, 19, 20, 25, 27, 32
2, 4, 48, 17, 19, 36, 25, 27, 54, 32
20, 4, 5, 50, 19, 36, 27, 32, 69, 25
66, 36, 13, 14, 19, 20, 25, 27, 32, 4
4, 5, 39, 12, 20, 54, 26, 27, 60, 16
2, 4, 36, 14, 18, 20, 54, 25, 26, 27
65, 4, 5, 38, 42, 54, 23, 29, 32, 19
66, 4, 5, 42, 14, 20, 21, 25, 27, 19
65, 4, 70, 18, 19, 20, 25, 29, 38, 32
2, 67, 36, 17, 18, 20, 25, 27, 61, 32
52, 4, 70, 19, 20, 54, 23, 55, 61, 40
4, 5, 51, 50, 19, 36, 25, 27, 61, 32
42, 67, 38, 18, 19, 20, 23, 25, 27, 32
3, 4, 5, 9, 19, 20, 25, 27, 61, 32
3, 5, 9, 51, 20, 25, 27, 33, 32, 4
3, 4, 9, 19, 20, 27, 31, 32, 22, 21
3, 4, 5, 9, 19, 20, 25, 27, 61, 32
3, 4, 5, 70, 9, 20, 27, 28, 61, 32
3, 4, 5, 9, 51, 55, 25, 27, 19, 20
20, 4, 5, 9, 49, 19, 52, 58, 27, 61
3, 4, 5, 9, 54, 57, 27, 28, 24, 32
3, 4, 39, 9, 19, 20, 25, 27, 61, 64
3, 4, 9, 42, 19, 20, 27, 28, 61, 32
3, 11, 5, 9, 19, 20, 25, 61, 32, 57
3, 4, 5, 70, 9, 19, 20, 57, 61, 32
2, 4, 39, 11, 49, 19, 20, 27, 61, 32
3, 4, 5, 9, 12, 20, 25, 27, 61, 64
1, 4, 5, 42, 19, 25, 27, 28, 61, 20
3, 4, 5, 39, 9, 42, 25, 27, 61, 32
3, 5, 6, 9, 19, 57, 27, 61, 32, 2
3, 4, 9, 19, 20, 57, 27, 61, 32, 55
3, 5, 9, 19, 20, 53, 57, 27, 61, 32
3, 4, 70, 9, 15, 19, 20, 57, 58, 61
3, 4, 5, 9, 16, 19, 21, 25, 53, 32
42, 4, 5, 9, 19, 21, 25, 27, 61, 32
3, 4, 5, 9, 19, 20, 21, 25, 28, 32
3, 4, 5, 9, 49, 18, 19, 55, 37, 61
3, 4, 5, 46, 49, 19, 20, 25, 61, 32
3, 4, 5, 9, 19, 20, 55, 61, 31, 32
4, 5, 39, 9, 13, 21, 25, 27, 60, 30
66, 4, 5, 9, 46, 19, 20, 21, 32, 39
1, 4, 5, 9, 14, 19, 20, 25, 37, 60
3, 4, 5, 9, 29, 19, 20, 58, 61, 32
4, 5, 38, 9, 14, 19, 55, 28, 32, 18
4, 5, 38, 41, 12, 9, 21, 25, 32, 16
1, 34, 3, 4, 5, 9, 15, 21, 60, 61
3, 4, 5, 9, 25, 20, 23, 57, 32, 69
3, 4, 9, 43, 15, 19, 55, 57, 27, 61
3, 4, 5, 38, 9, 19, 20, 57, 27, 29
3, 4, 5, 9, 25, 19, 20, 57, 60, 31
3, 5, 9, 14, 25, 19, 57, 27, 61, 32
3, 4, 5, 9, 12, 17, 19, 20, 25, 32
65, 3, 41, 12, 9, 21, 20, 5, 61, 30
57, 3, 4, 5, 43, 45, 48, 61, 32, 17
3, 4, 5, 9, 19, 20, 58, 61, 32, 23
3, 5, 70, 9, 20, 54, 25, 27, 61, 32
1, 4, 5, 9, 11, 48, 19, 20, 23, 61
3, 4, 5, 9, 43, 48, 19, 20, 27, 32
3, 4, 5, 9, 12, 19, 20, 23, 61, 32
3, 4, 5, 9, 27, 24, 58, 61, 32, 23
3, 4, 5, 9, 12, 18, 19, 20, 32, 61
3, 4, 5, 62, 13, 25, 27, 61, 32, 11
3, 4, 5, 9, 12, 17, 18, 1, 23, 32
34, 35, 4, 5, 9, 11, 19, 20, 32, 3
3, 4, 5, 8, 9, 19, 20, 23, 32, 65
3, 4, 5, 9, 19, 20, 24, 61, 32, 23
65, 3, 4, 37, 9, 43, 20, 23, 25, 32
3, 4, 5, 9, 12, 19, 20, 23, 61, 32
3, 4, 5, 9, 11, 16, 19, 57, 61, 32
34, 35, 4, 5, 9, 11, 20, 21, 23, 32
3, 4, 5, 9, 18, 50, 20, 23, 61, 32
3, 5, 8, 9, 19, 20, 23, 61, 32, 4
3, 4, 5, 9, 19, 20, 23, 24, 61, 32
33, 66, 67, 17, 19, 20, 54, 61, 32, 16
67, 4, 9, 13, 50, 19, 20, 54, 61, 32
65, 66, 67, 4, 39, 20, 21, 27, 32, 61
1, 67, 4, 7, 13, 19, 20, 54, 61, 32
1, 33, 4, 53, 20, 23, 61, 62, 32, 22
66, 68, 34, 43, 12, 20, 54, 25, 61, 32
1, 4, 42, 13, 15, 20, 25, 61, 62, 32
1, 33, 42, 50, 20, 22, 23, 61, 62, 32
1, 2, 3, 67, 18, 20, 25, 61, 62, 32
2, 4, 5, 18, 20, 22, 26, 61, 32, 50
65, 5, 6, 7, 50, 20, 25, 32, 61, 21
1, 3, 7, 9, 11, 19, 20, 54, 61, 32
1, 59, 7, 40, 12, 20, 23, 61, 32, 62
65, 34, 3, 67, 16, 20, 23, 61, 32, 1
1, 33, 4, 50, 20, 22, 61, 62, 32, 23
1, 5, 69, 43, 12, 20, 61, 62, 32, 25
33, 66, 4, 50, 20, 22, 23, 32, 61, 15
1, 33, 67, 17, 19, 20, 54, 62, 32, 61
65, 2, 4, 5, 18, 20, 21, 61, 32, 13
1, 33, 66, 48, 19, 20, 25, 61, 62, 32
4, 5, 38, 9, 51, 19, 21, 56, 25, 31
3, 4, 5, 39, 9, 11, 15, 57, 27, 28
3, 36, 6, 9, 12, 48, 25, 27, 61, 32
3, 36, 5, 9, 20, 21, 54, 27, 61, 32
3, 36, 9, 12, 51, 19, 58, 30, 32, 42
4, 5, 40, 9, 10, 19, 25, 27, 61, 20
3, 5, 9, 20, 21, 54, 61, 31, 32, 43
3, 5, 8, 9, 19, 20, 54, 27, 61, 32
3, 4, 69, 9, 43, 19, 20, 54, 58, 31
3, 4, 5, 9, 11, 12, 48, 54, 25, 27
66, 4, 9, 12, 51, 19, 25, 27, 61, 32
3, 4, 5, 39, 9, 43, 19, 26, 27, 32
3, 4, 9, 11, 12, 53, 54, 58, 27, 5
4, 38, 39, 9, 15, 19, 20, 25, 61, 32
3, 5, 4, 9, 12, 20, 25, 27, 61, 32
3, 4, 9, 19, 20, 25, 58, 27, 32, 70
34, 4, 66, 40, 9, 25, 26, 27, 61, 32
51, 68, 40, 9, 19, 4, 25, 27, 61, 31
33, 4, 5, 9, 15, 24, 25, 27, 61, 32
66, 4, 5, 38, 9, 51, 25, 27, 61, 32
67, 5, 39, 15, 54, 55, 27, 61, 32, 48
34, 3, 66, 9, 44, 15, 52, 25, 59, 31
3, 9, 44, 67, 52, 25, 27, 61, 32, 30
34, 3, 69, 9, 61, 52, 25, 27, 29, 32
33, 3, 37, 9, 48, 55, 25, 58, 61, 32
3, 37, 9, 43, 54, 25, 27, 28, 61, 32
33, 3, 9, 67, 53, 25, 27, 61, 32, 2
66, 3, 9, 43, 67, 54, 27, 61, 32, 40
65, 66, 3, 9, 52, 54, 25, 27, 61, 32
3, 38, 39, 9, 44, 67, 25, 27, 61, 32
66, 3, 37, 43, 14, 48, 50, 54, 61, 32
65, 34, 38, 9, 54, 27, 28, 61, 32, 3
3, 38, 8, 9, 15, 25, 57, 27, 40, 32
33, 3, 9, 53, 25, 27, 61, 59, 32, 15
3, 39, 9, 44, 67, 22, 55, 25, 27, 32
3, 9, 44, 15, 52, 22, 25, 27, 61, 32
3, 38, 9, 43, 15, 25, 57, 27, 61, 8
3, 38, 8, 44, 55, 25, 58, 27, 28, 32
34, 3, 43, 44, 46, 48, 54, 25, 32, 27
3, 39, 9, 67, 53, 25, 27, 32, 61, 64
4, 49, 18, 20, 21, 56, 25, 27, 32, 57
4, 5, 9, 51, 21, 56, 25, 27, 32, 16
65, 4, 5, 9, 25, 19, 68, 57, 30, 32
65, 4, 5, 19, 21, 56, 27, 28, 61, 32
4, 5, 9, 11, 20, 56, 58, 27, 28, 32
34, 54, 5, 9, 16, 19, 59, 27, 63, 32
4, 5, 19, 20, 56, 58, 27, 61, 30, 64
35, 4, 5, 40, 16, 18, 20, 27, 61, 32
4, 5, 40, 9, 16, 19, 25, 58, 61, 32
35, 4, 5, 21, 56, 25, 27, 61, 30, 32
2, 5, 49, 19, 20, 25, 27, 61, 32, 4
68, 4, 5, 40, 9, 43, 17, 20, 27, 14
3, 4, 5, 7, 9, 49, 25, 27, 61, 30
66, 4, 8, 45, 69, 7, 20, 25, 61, 32
35, 4, 5, 9, 13, 15, 18, 21, 27, 61
3, 5, 7, 9, 18, 25, 27, 28, 61, 32
35, 68, 40, 9, 25, 27, 61, 32, 4, 5
35, 4, 5, 9, 49, 23, 56, 25, 61, 32
33, 4, 5, 11, 20, 25, 27, 28, 43, 63
4, 5, 19, 20, 25, 27, 28, 61, 63, 32
1, 4, 5, 38, 9, 46, 15, 17, 53, 32
1, 4, 5, 56, 9, 15, 52, 21, 22, 25
1, 4, 5, 38, 9, 15, 19, 21, 22, 55
1, 4, 5, 9, 15, 41, 19, 53, 22, 21
1, 4, 5, 7, 9, 11, 49, 53, 21, 32
2, 4, 5, 48, 18, 19, 21, 25, 58, 9
1, 4, 5, 9, 15, 19, 21, 54, 57, 48
1, 4, 7, 9, 15, 49, 53, 58, 21, 32
1, 4, 5, 9, 15, 51, 21, 57, 61, 32
1, 5, 38, 9, 48, 18, 26, 56, 57, 58
1, 4, 5, 38, 9, 15, 16, 49, 53, 21
1, 4, 5, 9, 51, 15, 19, 21, 32, 50
1, 4, 37, 43, 15, 18, 21, 57, 58, 7
1, 4, 5, 9, 15, 49, 19, 21, 54, 57
1, 4, 9, 44, 15, 51, 21, 57, 58, 32
1, 5, 38, 9, 15, 21, 58, 61, 37, 4
1, 4, 5, 38, 41, 15, 9, 19, 21, 63
1, 5, 6, 9, 15, 16, 21, 57, 63, 32
1, 4, 5, 9, 49, 50, 19, 53, 21, 32
1, 4, 5, 9, 49, 19, 53, 58, 21, 15
1, 4, 5, 9, 13, 19, 21, 54, 27, 64
1, 67, 4, 5, 9, 42, 13, 17, 21, 69
1, 4, 5, 9, 45, 16, 19, 21, 54, 25
1, 4, 5, 42, 19, 20, 21, 37, 61, 32
1, 4, 5, 7, 9, 43, 13, 19, 23, 25
1, 3, 4, 5, 16, 19, 20, 26, 69, 21
1, 4, 5, 9, 18, 19, 58, 26, 25, 69
1, 4, 5, 9, 19, 20, 23, 25, 32, 66
1, 4, 50, 7, 9, 18, 19, 54, 64, 25
1, 4, 5, 9, 19, 36, 63, 61, 31, 55
1, 4, 5, 7, 9, 19, 21, 22, 23, 69
1, 66, 4, 5, 9, 19, 20, 25, 27, 54
1, 4, 5, 9, 16, 28, 19, 20, 60, 22
1, 4, 5, 7, 9, 18, 19, 55, 25, 32
1, 34, 4, 5, 35, 19, 25, 61, 32, 23
1, 4, 7, 9, 21, 54, 23, 27, 5, 64
1, 4, 5, 18, 9, 13, 41, 19, 22, 26
1, 4, 5, 9, 45, 18, 19, 54, 26, 30
1, 4, 5, 9, 42, 19, 22, 23, 37, 32
15, 4, 5, 9, 16, 19, 21, 54, 69, 66
1, 4, 5, 70, 10, 18, 19, 54, 27, 32
1, 4, 5, 43, 18, 19, 20, 58, 27, 32
1, 4, 5, 42, 18, 19, 54, 25, 57, 26
1, 4, 5, 42, 44, 18, 19, 10, 25, 32
65, 4, 5, 6, 19, 20, 54, 56, 59, 27
65, 4, 5, 6, 18, 19, 20, 54, 59, 27
1, 4, 5, 42, 18, 19, 54, 27, 32, 15
69, 67, 4, 5, 18, 19, 20, 23, 25, 26
4, 5, 70, 19, 54, 23, 26, 27, 61, 20
1, 67, 4, 5, 39, 10, 19, 25, 27, 61
1, 5, 15, 48, 19, 47, 23, 57, 24, 4
1, 4, 5, 39, 16, 19, 23, 25, 27, 61
1, 66, 4, 5, 39, 19, 23, 25, 27, 32
1, 67, 4, 5, 18, 19, 20, 25, 27, 32
1, 67, 5, 10, 18, 19, 23, 25, 27, 61
1, 36, 70, 18, 50, 19, 52, 25, 27, 32
1, 67, 4, 5, 6, 19, 27, 70, 32, 18
1, 15, 4, 5, 42, 19, 54, 58, 27, 32
1, 4, 5, 10, 15, 18, 19, 36, 56, 32
1, 67, 5, 43, 18, 19, 54, 25, 58, 4
3, 4, 5, 9, 14, 15, 27, 61, 32, 54
39, 9, 13, 15, 16, 55, 25, 27, 32, 4
3, 4, 7, 9, 15, 50, 21, 61, 30, 32
3, 4, 5, 39, 45, 15, 25, 27, 30, 63
3, 4, 5, 9, 43, 15, 53, 54, 27, 41
3, 5, 7, 9, 15, 16, 50, 61, 32, 34
3, 4, 5, 9, 46, 25, 54, 55, 61, 32
3, 4, 7, 9, 15, 50, 52, 25, 27, 32
3, 4, 5, 9, 14, 15, 52, 23, 25, 32
34, 3, 4, 5, 9, 15, 51, 52, 61, 12
3, 4, 5, 6, 9, 15, 58, 27, 61, 16
34, 3, 5, 39, 9, 15, 54, 55, 27, 32
34, 3, 4, 5, 9, 15, 50, 25, 27, 32
34, 3, 5, 39, 9, 15, 54, 23, 61, 32
3, 4, 39, 9, 15, 50, 54, 25, 27, 61
34, 3, 4, 7, 9, 15, 53, 25, 27, 32
3, 67, 5, 9, 15, 50, 25, 30, 63, 32
3, 4, 5, 9, 69, 15, 55, 27, 32, 61
3, 4, 7, 9, 42, 14, 15, 16, 27, 32
3, 5, 9, 46, 15, 50, 54, 25, 32, 4
4, 5, 40, 9, 20, 22, 23, 25, 32, 19
3, 4, 5, 6, 9, 19, 20, 25, 61, 32
3, 4, 5, 45, 65, 19, 23, 58, 27, 61
3, 4, 5, 9, 19, 20, 58, 27, 32, 63
20, 3, 4, 5, 9, 36, 23, 27, 25, 19
3, 4, 5, 9, 48, 19, 20, 25, 61, 32
4, 5, 9, 37, 57, 58, 27, 64, 32, 48
3, 4, 5, 9, 19, 20, 23, 27, 28, 61
4, 5, 9, 19, 20, 55, 27, 61, 32, 25
3, 4, 5, 6, 9, 20, 54, 25, 61, 32
66, 3, 22, 5, 9, 51, 19, 20, 57, 27
3, 4, 5, 48, 19, 23, 25, 27, 63, 32
3, 4, 5, 9, 19, 54, 27, 61, 32, 58
3, 4, 5, 9, 19, 20, 27, 61, 32, 63
3, 4, 5, 9, 19, 20, 54, 27, 61, 32
3, 4, 5, 40, 9, 20, 22, 23, 32, 19
65, 3, 4, 5, 9, 19, 13, 27, 61, 32
3, 4, 5, 9, 51, 19, 54, 25, 61, 32
3, 4, 5, 9, 39, 20, 22, 55, 25, 32
3, 4, 5, 9, 41, 19, 23, 25, 32, 58
1, 4, 5, 9, 15, 36, 22, 23, 25, 32
33, 4, 5, 9, 51, 19, 25, 27, 61, 32
1, 4, 5, 9, 15, 36, 22, 55, 25, 61
1, 4, 5, 9, 15, 36, 22, 23, 25, 27
1, 36, 5, 38, 15, 4, 22, 23, 19, 27
1, 4, 9, 19, 22, 23, 25, 32, 15, 61
33, 35, 4, 5, 42, 19, 22, 25, 45, 32
33, 1, 35, 4, 48, 19, 25, 39, 32, 5
4, 5, 70, 9, 15, 51, 20, 54, 27, 32
1, 4, 5, 23, 19, 20, 22, 55, 25, 15
67, 4, 5, 9, 13, 19, 20, 22, 61, 32
33, 1, 4, 5, 9, 19, 37, 27, 61, 32
33, 3, 4, 5, 9, 42, 49, 19, 27, 61
1, 5, 9, 15, 22, 23, 25, 27, 32, 4
33, 5, 42, 44, 51, 19, 20, 25, 27, 61
67, 4, 5, 9, 44, 20, 27, 61, 32, 15
67, 4, 5, 9, 44, 19, 20, 22, 25, 61
2, 3, 4, 9, 42, 36, 15, 61, 32, 25
1, 4, 5, 9, 42, 15, 25, 27, 60, 61
33, 35, 4, 9, 43, 20, 25, 27, 32, 61
4, 5, 7, 15, 19, 21, 22, 56, 57, 27
33, 4, 5, 9, 49, 19, 20, 25, 61, 32
33, 4, 5, 9, 17, 19, 21, 22, 56, 32
3, 4, 5, 7, 9, 45, 21, 59, 61, 27
3, 4, 5, 7, 9, 45, 21, 59, 61, 32
66, 3, 4, 5, 9, 11, 23, 26, 61, 32
3, 4, 5, 7, 9, 57, 21, 59, 54, 32
33, 3, 4, 5, 70, 9, 20, 22, 25, 61
3, 4, 5, 9, 13, 15, 68, 26, 27, 32
3, 4, 5, 7, 9, 26, 25, 27, 61, 32
3, 4, 5, 9, 15, 49, 19, 21, 59, 28
33, 3, 4, 7, 9, 15, 19, 20, 26, 61
4, 5, 9, 51, 15, 14, 54, 21, 30, 32
33, 4, 5, 7, 9, 20, 21, 56, 30, 32
34, 59, 4, 9, 49, 57, 26, 27, 61, 30
3, 4, 5, 9, 19, 20, 53, 25, 28, 7
33, 4, 5, 70, 9, 19, 56, 25, 27, 59
3, 4, 5, 9, 19, 15, 51, 20, 53, 28
33, 3, 4, 5, 70, 9, 51, 26, 27, 61
33, 3, 4, 9, 15, 20, 25, 61, 32, 51
3, 4, 5, 9, 42, 19, 20, 25, 31, 32
3, 4, 5, 9, 13, 19, 27, 25, 61, 32
3, 4, 5, 9, 41, 19, 20, 54, 21, 32
4, 5, 39, 9, 19, 20, 54, 61, 32, 68
3, 4, 5, 11, 19, 54, 25, 58, 32, 27
3, 4, 5, 9, 50, 19, 20, 61, 62, 58
3, 4, 5, 9, 49, 19, 23, 69, 32, 16
3, 68, 5, 9, 48, 19, 33, 58, 61, 32
3, 4, 5, 9, 16, 50, 19, 54, 32, 28
3, 4, 5, 16, 57, 54, 25, 48, 61, 32
3, 4, 5, 41, 42, 11, 21, 58, 27, 32
3, 4, 5, 9, 17, 50, 19, 20, 61, 49
2, 3, 9, 42, 11, 25, 58, 61, 32, 17
4, 5, 39, 9, 44, 16, 20, 25, 61, 32
3, 4, 5, 9, 44, 20, 58, 42, 6, 32
3, 4, 5, 9, 16, 49, 50, 19, 25, 61
3, 4, 5, 9, 44, 48, 20, 54, 57, 58
3, 4, 5, 9, 42, 51, 48, 19, 20, 57
3, 4, 5, 39, 9, 16, 19, 20, 64, 41
3, 4, 5, 40, 69, 16, 19, 20, 31, 32
1, 4, 5, 9, 15, 19, 22, 23, 58, 61
1, 4, 5, 9, 43, 15, 18, 19, 52, 23
1, 20, 4, 5, 9, 15, 19, 52, 53, 23
1, 4, 5, 9, 16, 19, 21, 22, 23, 61
1, 4, 5, 15, 58, 19, 22, 24, 25, 61
1, 4, 5, 9, 45, 19, 21, 23, 58, 40
1, 65, 4, 5, 9, 45, 52, 21, 22, 31
1, 33, 36, 5, 9, 15, 19, 52, 53, 23
1, 4, 57, 9, 14, 50, 19, 21, 22, 23
1, 36, 5, 4, 19, 22, 23, 25, 58, 61
1, 4, 5, 9, 45, 19, 52, 21, 23, 26
1, 4, 5, 14, 15, 19, 22, 23, 28, 61
1, 4, 5, 9, 14, 15, 22, 23, 28, 31
1, 66, 4, 5, 18, 19, 36, 53, 61, 21
33, 4, 5, 70, 9, 29, 19, 21, 61, 1
1, 4, 5, 70, 14, 19, 21, 22, 32, 25
1, 4, 5, 70, 9, 45, 14, 21, 23, 57
1, 4, 5, 70, 9, 14, 19, 21, 22, 23
1, 3, 4, 15, 18, 19, 52, 23, 25, 5
1, 4, 5, 45, 19, 52, 21, 23, 58, 61
4, 5, 40, 9, 46, 19, 52, 25, 61, 42
4, 5, 7, 9, 19, 20, 25, 27, 32, 61
4, 5, 51, 15, 19, 20, 25, 58, 27, 9
4, 5, 9, 45, 49, 19, 54, 25, 27, 12
1, 5, 19, 15, 51, 24, 25, 27, 61, 34
4, 5, 9, 51, 19, 20, 25, 27, 29, 32
4, 5, 9, 51, 19, 20, 69, 27, 31, 32
67, 4, 5, 19, 51, 20, 25, 27, 61, 9
4, 5, 9, 49, 18, 19, 54, 25, 27, 61
4, 5, 9, 46, 49, 23, 20, 27, 61, 64
1, 66, 4, 5, 46, 19, 20, 25, 61, 62
65, 35, 4, 5, 45, 51, 19, 20, 23, 61
4, 5, 9, 44, 51, 19, 20, 54, 25, 27
34, 4, 5, 9, 13, 19, 20, 25, 27, 32
35, 4, 5, 6, 44, 45, 19, 25, 18, 61
1, 66, 4, 5, 7, 9, 19, 20, 61, 62
34, 4, 5, 70, 39, 9, 42, 44, 31, 32
1, 4, 9, 43, 45, 46, 22, 25, 58, 27
67, 4, 5, 7, 45, 46, 19, 20, 25, 16
4, 5, 7, 45, 46, 19, 25, 27, 61, 32
66, 3, 4, 5, 44, 17, 54, 25, 27, 61
4, 5, 7, 9, 19, 20, 21, 25, 69, 31
66, 3, 4, 5, 44, 19, 20, 25, 27, 61
3, 4, 5, 9, 44, 18, 19, 20, 31, 64
66, 3, 69, 50, 19, 42, 56, 57, 27, 61
3, 4, 5, 9, 18, 19, 20, 25, 31, 64
3, 4, 5, 44, 19, 25, 27, 61, 32, 9
67, 4, 70, 16, 17, 20, 32, 61, 64, 12
67, 4, 37, 42, 17, 19, 20, 58, 32, 25
66, 4, 5, 60, 16, 19, 20, 25, 27, 63
3, 4, 9, 61, 46, 20, 25, 27, 29, 63
1, 3, 4, 37, 44, 17, 18, 54, 25, 31
66, 3, 4, 42, 20, 25, 58, 27, 61, 62
3, 9, 11, 12, 49, 20, 54, 23, 27, 61
66, 4, 9, 49, 50, 19, 20, 27, 61, 63
1, 3, 4, 37, 49, 19, 20, 56, 25, 27
3, 4, 9, 49, 50, 19, 20, 27, 31, 64
4, 5, 7, 9, 46, 21, 22, 25, 69, 31
3, 4, 39, 9, 60, 19, 25, 27, 29, 32
3, 4, 5, 9, 50, 25, 27, 61, 63, 29
1, 4, 5, 17, 53, 31, 21, 63, 28, 64
1, 4, 5, 9, 11, 48, 21, 22, 28, 31
1, 4, 5, 23, 9, 52, 21, 22, 55, 35
4, 5, 9, 17, 50, 19, 36, 21, 55, 1
3, 4, 5, 9, 18, 19, 37, 28, 64, 1
3, 4, 5, 9, 50, 19, 21, 31, 63, 64
1, 20, 4, 5, 33, 9, 19, 68, 21, 32
1, 39, 4, 5, 9, 16, 19, 20, 21, 57
1, 67, 4, 5, 9, 44, 19, 36, 21, 28
1, 35, 4, 39, 9, 42, 36, 21, 28, 31
1, 4, 5, 9, 16, 19, 20, 69, 28, 32
1, 4, 5, 7, 9, 18, 19, 21, 22, 23
1, 4, 5, 13, 18, 20, 21, 57, 9, 60
3, 4, 9, 50, 20, 21, 31, 63, 56, 32
2, 4, 5, 9, 18, 20, 21, 44, 32, 1
1, 67, 5, 7, 9, 43, 21, 28, 64, 4
3, 4, 5, 9, 20, 63, 55, 27, 31, 21
2, 4, 5, 70, 7, 18, 20, 21, 55, 32
3, 4, 5, 50, 19, 31, 56, 28, 30, 63
1, 67, 4, 5, 9, 43, 20, 21, 57, 60
1, 4, 5, 39, 9, 17, 25, 26, 27, 15
1, 4, 5, 9, 14, 19, 25, 27, 59, 31
1, 34, 4, 5, 6, 9, 16, 19, 22, 23
1, 4, 5, 39, 9, 44, 36, 22, 48, 27
4, 5, 39, 9, 15, 19, 54, 23, 25, 32
1, 34, 4, 5, 42, 15, 16, 19, 22, 23
1, 4, 5, 9, 14, 15, 16, 23, 25, 32
1, 5, 39, 9, 16, 19, 20, 27, 48, 4
1, 4, 5, 15, 20, 53, 21, 70, 31, 32
1, 4, 5, 70, 9, 49, 19, 27, 30, 31
1, 4, 5, 9, 44, 15, 67, 27, 62, 32
1, 4, 5, 9, 14, 19, 25, 27, 32, 67
22, 4, 5, 21, 23, 25, 27, 59, 1, 19
1, 4, 5, 70, 9, 42, 19, 27, 30, 32
1, 65, 4, 5, 42, 15, 18, 19, 27, 32
1, 36, 4, 5, 19, 20, 27, 62, 31, 23
1, 36, 5, 39, 9, 45, 48, 19, 62, 32
1, 4, 5, 9, 14, 16, 19, 20, 62, 32
1, 4, 5, 9, 14, 16, 19, 20, 62, 32
1, 34, 4, 5, 9, 14, 19, 21, 22, 23
3, 4, 6, 9, 16, 25, 58, 27, 62, 31
3, 4, 5, 7, 9, 41, 55, 69, 61, 32
2, 3, 4, 9, 27, 61, 30, 32, 56, 5
3, 4, 5, 9, 16, 25, 69, 61, 62, 64
34, 3, 5, 40, 9, 14, 48, 57, 27, 4
3, 4, 69, 70, 9, 58, 25, 26, 61, 21
4, 69, 9, 16, 57, 21, 25, 5, 27, 61
3, 4, 5, 41, 67, 9, 19, 61, 32, 55
34, 4, 5, 70, 39, 9, 54, 58, 27, 32
3, 5, 9, 17, 57, 21, 25, 27, 31, 32
3, 4, 5, 9, 43, 50, 25, 58, 31, 32
3, 4, 9, 30, 56, 27, 61, 62, 32, 43
3, 69, 40, 9, 55, 25, 58, 61, 32, 5
3, 68, 38, 9, 25, 58, 27, 32, 61, 70
3, 40, 9, 55, 26, 27, 61, 32, 34, 14
3, 4, 6, 9, 41, 31, 61, 70, 32, 5
3, 68, 39, 7, 40, 9, 24, 25, 61, 32
3, 4, 5, 70, 9, 35, 48, 27, 61, 31
34, 3, 5, 9, 48, 50, 53, 58, 27, 16
4, 69, 9, 14, 57, 21, 25, 5, 27, 61
34, 44, 5, 9, 42, 16, 25, 27, 61, 32
3, 4, 5, 9, 50, 53, 54, 27, 61, 32
34, 4, 5, 9, 54, 25, 27, 61, 32, 42
3, 4, 5, 16, 21, 54, 25, 27, 13, 32
3, 4, 5, 9, 13, 25, 27, 61, 32, 39
3, 68, 5, 39, 9, 14, 26, 61, 64, 13
3, 68, 5, 9, 14, 53, 54, 25, 27, 61
3, 4, 5, 9, 13, 54, 25, 27, 61, 32
3, 4, 5, 7, 9, 16, 50, 27, 61, 32
3, 4, 5, 9, 13, 51, 16, 25, 32, 27
3, 4, 5, 9, 42, 54, 25, 27, 61, 32
3, 4, 5, 7, 53, 25, 27, 61, 32, 9
3, 4, 5, 9, 50, 54, 25, 27, 61, 32
3, 4, 5, 9, 14, 62, 25, 27, 29, 32
3, 4, 5, 9, 65, 53, 25, 61, 64, 27
3, 33, 5, 9, 50, 56, 25, 27, 61, 32
3, 4, 5, 9, 21, 56, 27, 61, 32, 37
2, 3, 4, 9, 50, 54, 56, 27, 61, 32
3, 4, 5, 9, 21, 56, 27, 49, 32, 23
3, 4, 5, 7, 9, 50, 25, 27, 32, 64
1, 35, 4, 5, 7, 9, 21, 22, 37, 27
1, 4, 5, 9, 48, 19, 21, 54, 25, 27
1, 4, 5, 9, 18, 19, 21, 25, 59, 27
1, 4, 5, 9, 21, 55, 25, 26, 63, 37
1, 4, 5, 59, 9, 18, 19, 21, 25, 60
1, 4, 5, 9, 18, 19, 25, 27, 65, 22
1, 4, 5, 9, 11, 18, 19, 21, 23, 27
1, 4, 5, 9, 48, 19, 21, 22, 23, 53
4, 5, 9, 18, 19, 21, 22, 23, 59, 1
1, 4, 5, 38, 9, 18, 21, 55, 59, 6
1, 4, 5, 9, 11, 18, 19, 25, 69, 27
1, 4, 5, 9, 13, 18, 19, 25, 39, 31
1, 4, 5, 9, 11, 18, 19, 56, 25, 13
67, 4, 5, 9, 13, 18, 19, 21, 25, 27
1, 3, 4, 5, 16, 13, 18, 19, 27, 38
1, 4, 5, 38, 9, 12, 18, 19, 63, 11
1, 4, 5, 9, 11, 18, 19, 21, 25, 27
1, 4, 5, 13, 18, 19, 25, 69, 27, 37
1, 66, 4, 9, 13, 19, 21, 54, 25, 5
1, 4, 5, 9, 13, 18, 68, 21, 56, 25
1, 4, 5, 7, 9, 15, 20, 56, 25, 27
1, 4, 5, 9, 24, 19, 25, 58, 28, 63
1, 3, 4, 5, 6, 19, 20, 56, 25, 23
1, 2, 4, 5, 6, 9, 18, 19, 25, 58
34, 3, 4, 5, 9, 15, 21, 23, 25, 27
1, 66, 67, 4, 5, 20, 56, 25, 27, 9
1, 3, 5, 6, 41, 15, 25, 58, 27, 19
34, 9, 3, 4, 41, 15, 20, 56, 25, 27
68, 4, 5, 9, 15, 48, 19, 16, 27, 59
1, 4, 6, 9, 48, 19, 20, 25, 59, 63
1, 66, 67, 4, 5, 9, 48, 19, 23, 25
1, 4, 5, 6, 15, 16, 25, 58, 27, 59
65, 3, 4, 57, 9, 42, 15, 25, 27, 5
1, 66, 3, 4, 5, 15, 20, 25, 58, 27
3, 4, 5, 7, 9, 15, 19, 24, 25, 59
2, 67, 4, 5, 11, 13, 57, 19, 25, 9
2, 4, 70, 9, 46, 55, 25, 27, 28, 15
3, 6, 9, 15, 19, 56, 25, 58, 32, 4
4, 5, 9, 15, 20, 25, 58, 27, 32, 64
1, 4, 5, 13, 46, 15, 19, 23, 25, 27
13, 4, 5, 9, 20, 25, 27, 61, 32, 19
3, 4, 41, 14, 9, 19, 23, 27, 61, 32
65, 4, 5, 9, 42, 14, 19, 20, 32, 25
4, 5, 39, 9, 44, 51, 20, 27, 61, 32
65, 9, 14, 16, 19, 20, 56, 25, 32, 5
65, 4, 5, 9, 42, 14, 19, 20, 25, 56
4, 5, 9, 14, 49, 19, 20, 37, 61, 32
3, 4, 9, 43, 17, 39, 25, 27, 32, 30
3, 4, 9, 12, 54, 17, 51, 25, 27, 32
35, 4, 9, 14, 49, 19, 20, 27, 61, 32
4, 5, 9, 42, 43, 20, 56, 61, 32, 19
2, 4, 5, 9, 25, 27, 61, 32, 64, 33
2, 5, 9, 16, 19, 56, 25, 27, 61, 4
65, 4, 5, 20, 25, 61, 62, 32, 19, 9
33, 4, 5, 14, 31, 25, 27, 10, 63, 9
33, 4, 9, 42, 14, 20, 24, 58, 27, 61
3, 68, 37, 9, 42, 12, 27, 61, 32, 4
65, 4, 5, 9, 42, 19, 20, 25, 61, 32
2, 35, 5, 9, 42, 14, 19, 61, 31, 32
33, 4, 5, 9, 17, 36, 25, 27, 61, 63
3, 4, 5, 12, 18, 19, 25, 27, 32, 9
3, 4, 5, 41, 44, 58, 19, 55, 53, 18
3, 4, 69, 9, 48, 19, 5, 27, 32, 67
65, 4, 5, 9, 14, 57, 59, 61, 32, 21
1, 67, 4, 5, 6, 45, 19, 25, 27, 32
3, 4, 5, 41, 12, 19, 20, 69, 27, 32
3, 4, 70, 9, 27, 19, 20, 21, 32, 42
1, 4, 5, 9, 14, 21, 27, 61, 32, 24
65, 4, 5, 9, 42, 11, 20, 25, 61, 32
3, 4, 5, 9, 12, 18, 21, 25, 27, 32
3, 4, 5, 9, 12, 35, 44, 20, 57, 69
3, 4, 5, 9, 12, 18, 19, 20, 55, 25
3, 4, 5, 9, 49, 19, 20, 21, 32, 13
3, 4, 9, 12, 18, 19, 25, 27, 32, 33
3, 4, 5, 6, 42, 18, 20, 53, 61, 32
3, 4, 5, 9, 37, 19, 20, 31, 32, 61
3, 4, 5, 9, 19, 20, 68, 27, 61, 25
3, 4, 65, 9, 13, 21, 27, 61, 54, 32
3, 4, 69, 12, 19, 5, 27, 32, 20, 9
3, 4, 5, 13, 19, 20, 21, 27, 61, 32
34, 68, 9, 44, 14, 4, 25, 58, 27, 61
34, 68, 9, 44, 4, 21, 27, 61, 32, 25
3, 70, 8, 9, 15, 25, 27, 6, 32, 35
3, 4, 9, 42, 44, 52, 25, 27, 61, 6
3, 4, 9, 44, 14, 19, 52, 27, 61, 32
3, 4, 7, 9, 42, 44, 20, 27, 61, 32
3, 9, 6, 14, 19, 25, 27, 30, 31, 61
3, 4, 9, 42, 14, 18, 20, 27, 61, 32
3, 4, 8, 9, 14, 19, 25, 27, 61, 32
3, 4, 39, 15, 49, 19, 20, 58, 27, 61
3, 68, 9, 14, 41, 37, 27, 61, 32, 20
1, 68, 44, 9, 45, 19, 25, 27, 61, 32
65, 3, 4, 6, 8, 14, 68, 27, 61, 32
3, 4, 8, 9, 49, 19, 20, 58, 27, 61
65, 3, 70, 9, 42, 12, 19, 25, 61, 32
1, 3, 4, 6, 8, 49, 51, 27, 67, 32
3, 40, 9, 64, 44, 23, 25, 28, 61, 32
3, 4, 9, 44, 45, 21, 64, 61, 32, 70
3, 4, 9, 14, 19, 20, 56, 27, 61, 32
35, 7, 9, 42, 3, 70, 25, 27, 61, 68
3, 4, 5, 18, 23, 27, 61, 32, 21, 9
3, 36, 5, 9, 4, 54, 25, 27, 32, 1
39, 4, 5, 9, 11, 67, 21, 25, 27, 32
4, 37, 41, 48, 9, 56, 25, 27, 29, 45
3, 4, 5, 9, 45, 14, 25, 58, 27, 32
3, 4, 5, 9, 45, 25, 58, 27, 54, 32
3, 4, 5, 9, 45, 25, 7, 27, 61, 63
3, 4, 5, 9, 11, 21, 25, 27, 61, 37
3, 5, 9, 11, 67, 16, 18, 25, 61, 27
3, 5, 9, 48, 18, 20, 25, 27, 32, 16
3, 4, 5, 9, 11, 62, 26, 27, 59, 32
3, 70, 17, 9, 58, 25, 26, 27, 59, 32
3, 4, 5, 9, 45, 16, 18, 27, 63, 32
3, 4, 5, 9, 11, 14, 18, 53, 54, 25
3, 4, 5, 9, 45, 21, 25, 28, 36, 27
3, 5, 70, 9, 21, 25, 27, 31, 32, 41
3, 4, 5, 9, 29, 11, 13, 16, 27, 61
3, 4, 5, 52, 37, 21, 25, 27, 61, 32
3, 4, 37, 9, 21, 35, 5, 27, 61, 31
3, 4, 5, 9, 11, 15, 48, 23, 59, 32
2, 3, 5, 38, 20, 19, 53, 56, 61, 32
6, 48, 3, 40, 43, 45, 56, 25, 27, 32
33, 2, 3, 9, 42, 14, 56, 25, 27, 61
2, 3, 9, 14, 53, 25, 27, 61, 32, 38
65, 24, 9, 29, 16, 25, 27, 61, 32, 3
2, 3, 38, 13, 50, 25, 27, 61, 32, 9
2, 3, 9, 45, 14, 39, 25, 58, 61, 32
2, 3, 18, 9, 42, 41, 25, 27, 61, 32
69, 3, 9, 44, 26, 25, 27, 61, 32, 45
33, 2, 3, 9, 11, 45, 14, 27, 61, 32
3, 9, 11, 44, 45, 54, 25, 61, 43, 32
28, 3, 9, 45, 14, 49, 25, 27, 61, 32
2, 3, 34, 9, 45, 18, 56, 27, 61, 32
2, 3, 9, 42, 46, 38, 56, 27, 61, 32
65, 34, 3, 5, 38, 16, 25, 27, 61, 32
2, 51, 9, 44, 16, 53, 25, 27, 61, 32
65, 3, 9, 45, 13, 23, 25, 27, 32, 53
2, 3, 37, 9, 42, 20, 46, 27, 61, 32
2, 3, 38, 9, 42, 14, 25, 27, 61, 32
1, 3, 38, 54, 9, 14, 25, 27, 61, 32
3, 4, 5, 49, 19, 20, 25, 27, 61, 59
1, 34, 4, 7, 9, 48, 25, 26, 27, 61
68, 4, 38, 9, 49, 19, 20, 25, 27, 61
3, 4, 5, 9, 42, 13, 20, 24, 25, 59
3, 4, 5, 9, 42, 13, 20, 24, 25, 59
3, 4, 9, 35, 19, 20, 25, 27, 61, 59
3, 70, 9, 42, 13, 49, 57, 25, 62, 32
3, 4, 7, 9, 45, 48, 27, 61, 62, 19
3, 4, 5, 9, 42, 54, 56, 27, 62, 61
35, 4, 5, 9, 13, 16, 54, 25, 60, 67
3, 68, 5, 38, 9, 49, 61, 62, 32, 26
3, 4, 5, 42, 44, 50, 25, 27, 30, 32
3, 5, 9, 46, 49, 56, 25, 27, 38, 4
3, 4, 7, 9, 42, 13, 19, 27, 61, 32
3, 4, 9, 49, 19, 20, 25, 27, 59, 43
3, 4, 9, 49, 19, 20, 25, 26, 59, 61
3, 4, 5, 70, 40, 12, 24, 25, 27, 32
3, 4, 5, 9, 24, 58, 48, 19, 27, 62
3, 4, 5, 70, 9, 49, 54, 56, 27, 62
2, 3, 36, 40, 42, 12, 49, 54, 57, 27
3, 4, 39, 9, 15, 19, 26, 22, 25, 27
66, 4, 5, 9, 46, 21, 22, 25, 28, 29
3, 4, 5, 9, 14, 17, 18, 57, 28, 32
3, 4, 5, 9, 15, 16, 19, 56, 25, 28
3, 4, 70, 9, 42, 48, 25, 27, 29, 31
3, 4, 5, 17, 19, 20, 54, 25, 28, 18
69, 4, 5, 9, 15, 19, 54, 25, 27, 47
3, 4, 5, 50, 19, 20, 21, 25, 27, 31
20, 3, 4, 19, 68, 54, 25, 27, 28, 9
3, 4, 39, 9, 48, 65, 7, 19, 57, 27
3, 4, 5, 9, 12, 20, 53, 25, 27, 31
2, 55, 5, 9, 43, 19, 20, 23, 25, 27
4, 5, 9, 12, 20, 25, 27, 28, 53, 19
3, 4, 5, 9, 19, 22, 23, 56, 18, 27
3, 4, 5, 9, 14, 46, 20, 23, 25, 28
3, 4, 5, 9, 19, 20, 23, 56, 39, 27
2, 4, 5, 47, 9, 17, 20, 57, 27, 32
3, 68, 5, 70, 9, 19, 4, 54, 25, 28
3, 4, 5, 9, 20, 22, 25, 28, 54, 27
3, 4, 9, 14, 15, 25, 19, 22, 57, 32
1, 68, 4, 9, 19, 20, 58, 27, 32, 21
1, 4, 5, 40, 9, 41, 19, 25, 27, 32
1, 4, 5, 9, 19, 20, 21, 25, 27, 32
1, 4, 9, 19, 20, 25, 59, 27, 32, 21
1, 4, 5, 15, 19, 20, 21, 25, 59, 27
1, 4, 5, 9, 12, 14, 19, 21, 59, 32
1, 2, 4, 5, 15, 19, 20, 21, 25, 27
1, 4, 5, 7, 9, 19, 23, 25, 59, 27
1, 2, 4, 5, 9, 18, 20, 21, 25, 15
13, 4, 5, 9, 18, 51, 25, 57, 27, 32
1, 4, 5, 9, 19, 20, 54, 27, 59, 32
1, 4, 5, 14, 19, 22, 25, 58, 61, 32
2, 4, 5, 9, 19, 20, 58, 25, 27, 32
1, 4, 5, 9, 19, 68, 23, 25, 59, 27
1, 4, 5, 40, 10, 19, 21, 25, 27, 62
1, 4, 5, 9, 19, 20, 21, 23, 58, 27
1, 4, 5, 9, 17, 41, 19, 25, 27, 32
1, 4, 5, 7, 9, 19, 21, 23, 25, 58
1, 4, 5, 19, 20, 21, 22, 25, 27, 70
1, 4, 5, 7, 9, 19, 21, 25, 27, 33
1, 4, 5, 9, 12, 18, 19, 20, 58, 27
1, 4, 9, 11, 18, 19, 20, 25, 27, 32
1, 4, 9, 10, 14, 41, 18, 19, 25, 27
1, 35, 4, 5, 70, 19, 25, 43, 63, 32
1, 4, 5, 9, 13, 14, 49, 19, 25, 27
1, 4, 5, 9, 44, 18, 19, 25, 29, 32
3, 4, 5, 61, 35, 18, 19, 36, 27, 32
1, 3, 4, 5, 41, 19, 18, 51, 27, 32
1, 4, 5, 11, 44, 19, 25, 27, 63, 18
1, 4, 5, 9, 49, 41, 19, 20, 25, 27
1, 5, 40, 9, 15, 19, 21, 25, 32, 70
1, 4, 5, 9, 10, 18, 19, 25, 61, 63
61, 4, 5, 9, 13, 18, 19, 20, 25, 32
34, 4, 5, 9, 19, 18, 51, 20, 25, 32
1, 33, 67, 4, 5, 9, 18, 19, 27, 63
1, 4, 5, 70, 40, 8, 15, 21, 25, 27
1, 4, 5, 9, 10, 18, 19, 25, 63, 32
1, 4, 5, 38, 40, 18, 19, 61, 27, 63
34, 5, 9, 18, 19, 20, 21, 27, 1, 15
1, 34, 4, 5, 10, 44, 18, 19, 27, 32
2, 4, 38, 18, 25, 27, 61, 32, 5, 19
2, 4, 19, 17, 18, 51, 54, 25, 27, 61
4, 5, 13, 17, 18, 19, 20, 25, 27, 52
2, 4, 5, 38, 41, 12, 25, 27, 61, 32
42, 3, 4, 40, 15, 19, 25, 61, 32, 13
3, 4, 5, 17, 19, 24, 25, 27, 61, 32
20, 3, 4, 5, 38, 11, 18, 68, 61, 32
33, 67, 68, 48, 20, 58, 61, 32, 27, 18
2, 4, 5, 50, 19, 20, 25, 27, 32, 18
2, 4, 18, 20, 54, 25, 27, 32, 51, 19
33, 3, 4, 39, 40, 15, 20, 25, 27, 61
2, 67, 4, 11, 19, 56, 25, 61, 32, 49
20, 34, 3, 4, 17, 68, 57, 61, 31, 32
33, 4, 38, 13, 51, 20, 25, 27, 61, 63
2, 67, 68, 34, 19, 20, 25, 27, 61, 32
2, 67, 68, 29, 20, 25, 58, 27, 61, 32
2, 68, 57, 19, 4, 55, 25, 27, 30, 32
2, 67, 34, 11, 19, 20, 25, 27, 61, 32
2, 4, 5, 40, 46, 50, 20, 25, 32, 61
2, 4, 41, 13, 8, 48, 18, 27, 61, 32
4, 42, 14, 48, 17, 54, 27, 61, 62, 32
1, 5, 9, 14, 48, 18, 19, 25, 61, 32
4, 9, 13, 14, 15, 18, 25, 27, 61, 32
4, 5, 44, 15, 48, 18, 25, 27, 32, 13
35, 37, 24, 14, 48, 18, 25, 27, 61, 32
4, 56, 9, 15, 52, 25, 5, 27, 61, 32
5, 39, 9, 15, 48, 25, 27, 61, 32, 4
4, 5, 9, 14, 15, 48, 17, 18, 61, 32
4, 5, 9, 15, 6, 54, 25, 27, 61, 20
1, 5, 9, 15, 48, 18, 25, 27, 32, 14
4, 5, 9, 14, 15, 20, 69, 27, 61, 32
2, 37, 42, 14, 39, 25, 27, 61, 32, 44
4, 69, 15, 48, 36, 22, 5, 27, 61, 32
5, 39, 42, 14, 15, 54, 25, 58, 27, 32
35, 40, 14, 48, 18, 25, 27, 61, 32, 4
67, 5, 44, 15, 19, 55, 25, 27, 61, 32
66, 4, 41, 14, 15, 18, 20, 25, 27, 61
69, 39, 15, 54, 23, 58, 5, 27, 49, 32
4, 5, 39, 42, 14, 24, 54, 58, 61, 32
4, 5, 41, 14, 18, 25, 27, 61, 32, 54
3, 4, 9, 49, 19, 25, 27, 61, 32, 29
3, 4, 37, 38, 9, 11, 25, 61, 32, 41
3, 4, 70, 9, 42, 19, 25, 27, 61, 32
17, 3, 4, 70, 9, 49, 25, 27, 61, 32
3, 4, 38, 9, 11, 17, 25, 27, 32, 61
67, 4, 70, 9, 13, 3, 19, 61, 32, 52
33, 20, 3, 9, 49, 41, 52, 25, 61, 38
3, 4, 70, 9, 11, 44, 19, 27, 61, 32
65, 66, 3, 38, 41, 13, 19, 52, 61, 32
3, 4, 70, 9, 17, 53, 25, 58, 29, 32
3, 4, 52, 9, 44, 45, 49, 20, 61, 32
4, 70, 9, 42, 29, 49, 20, 61, 32, 19
68, 70, 9, 29, 44, 45, 19, 42, 61, 32
34, 3, 42, 13, 46, 48, 25, 58, 61, 32
4, 70, 41, 49, 19, 58, 32, 29, 9, 44
65, 3, 70, 9, 44, 25, 27, 61, 63, 32
58, 3, 9, 15, 16, 52, 27, 61, 32, 17
4, 9, 61, 12, 16, 49, 44, 25, 29, 32
3, 4, 70, 9, 42, 16, 19, 25, 32, 27
4, 70, 9, 42, 44, 48, 25, 58, 64, 32
1, 4, 69, 9, 42, 19, 20, 21, 55, 61
3, 4, 9, 42, 15, 19, 20, 21, 61, 32
3, 4, 9, 21, 15, 20, 57, 61, 32, 49
1, 3, 5, 9, 15, 19, 56, 37, 30, 32
3, 4, 5, 9, 15, 19, 20, 56, 61, 32
17, 9, 14, 15, 49, 70, 61, 30, 31, 32
3, 4, 69, 9, 49, 19, 20, 21, 57, 32
1, 3, 4, 9, 17, 18, 19, 23, 61, 32
3, 4, 5, 9, 15, 56, 30, 63, 32, 19
1, 3, 4, 9, 49, 19, 20, 61, 55, 32
1, 3, 69, 9, 15, 19, 21, 55, 61, 32
3, 4, 5, 9, 15, 19, 20, 56, 28, 32
3, 4, 50, 9, 42, 14, 49, 18, 19, 32
1, 34, 4, 9, 43, 13, 14, 32, 26, 3
3, 4, 9, 11, 41, 19, 20, 26, 61, 32
3, 4, 40, 9, 11, 46, 15, 20, 61, 32
3, 69, 9, 12, 14, 49, 20, 21, 61, 32
1, 3, 18, 9, 14, 17, 50, 55, 61, 32
67, 4, 69, 70, 12, 3, 19, 20, 26, 61
3, 37, 9, 12, 19, 20, 25, 61, 32, 42
3, 4, 5, 48, 20, 22, 27, 61, 32, 35
1, 3, 4, 5, 9, 42, 19, 20, 61, 32
3, 7, 5, 9, 11, 25, 58, 27, 61, 32
65, 4, 5, 9, 11, 56, 58, 27, 32, 12
66, 4, 5, 48, 19, 22, 56, 58, 61, 32
3, 5, 70, 40, 9, 42, 54, 25, 58, 27
3, 5, 70, 40, 9, 42, 54, 25, 58, 27
3, 4, 5, 9, 42, 19, 20, 53, 58, 61
3, 36, 9, 19, 21, 54, 58, 27, 61, 32
3, 4, 5, 9, 42, 56, 25, 27, 61, 32
3, 4, 5, 9, 18, 31, 23, 61, 63, 32
3, 5, 9, 42, 11, 22, 27, 40, 62, 32
66, 3, 4, 7, 9, 19, 25, 58, 61, 31
3, 5, 9, 42, 11, 48, 58, 37, 61, 32
34, 3, 5, 9, 42, 20, 25, 27, 61, 32
3, 5, 7, 9, 19, 56, 25, 27, 32, 4
3, 4, 5, 9, 21, 65, 58, 27, 61, 32
3, 4, 1, 9, 12, 35, 58, 27, 61, 7
3, 4, 40, 9, 49, 22, 25, 27, 61, 32
3, 4, 5, 9, 18, 19, 20, 61, 32, 40
3, 4, 5, 9, 19, 20, 21, 23, 60, 61
3, 4, 6, 49, 19, 23, 39, 27, 61, 32
3, 4, 5, 9, 42, 19, 53, 60, 29, 31
65, 3, 4, 5, 9, 45, 55, 25, 27, 32
3, 4, 5, 9, 19, 20, 53, 61, 32, 55
3, 4, 9, 68, 20, 21, 55, 25, 32, 5
3, 4, 6, 9, 25, 23, 57, 61, 32, 58
1, 17, 4, 19, 20, 55, 27, 28, 61, 25
3, 4, 5, 49, 19, 20, 53, 21, 61, 32
3, 4, 5, 16, 65, 20, 53, 21, 61, 32
3, 4, 42, 11, 14, 53, 25, 27, 32, 9
65, 3, 4, 9, 11, 1, 25, 61, 31, 32
3, 4, 5, 9, 49, 19, 57, 27, 60, 61
3, 4, 9, 19, 54, 24, 25, 27, 61, 32
3, 4, 40, 42, 11, 25, 27, 28, 61, 32
3, 4, 5, 9, 49, 19, 22, 25, 27, 28
1, 3, 5, 9, 11, 14, 23, 27, 61, 32
3, 5, 9, 11, 18, 56, 58, 61, 31, 32
1, 3, 5, 14, 16, 19, 23, 27, 61, 32
4, 5, 9, 19, 20, 22, 58, 31, 32, 61
3, 4, 5, 7, 9, 17, 50, 55, 27, 14
3, 4, 5, 9, 42, 14, 29, 49, 25, 61
66, 3, 5, 9, 17, 20, 25, 27, 61, 32
4, 39, 31, 14, 49, 68, 27, 61, 32, 25
3, 4, 5, 9, 16, 50, 25, 27, 29, 49
1, 3, 4, 9, 16, 17, 25, 29, 32, 24
3, 4, 5, 9, 14, 17, 25, 27, 61, 32
3, 4, 5, 9, 43, 16, 20, 25, 27, 61
65, 3, 37, 9, 57, 25, 27, 52, 32, 16
3, 4, 5, 9, 51, 25, 27, 61, 62, 32
3, 4, 9, 16, 17, 21, 54, 27, 61, 64
66, 3, 4, 5, 9, 14, 17, 37, 27, 64
3, 4, 5, 9, 29, 17, 51, 27, 61, 32
2, 35, 4, 5, 9, 14, 41, 56, 27, 61
3, 68, 5, 9, 14, 17, 4, 24, 61, 32
3, 4, 5, 9, 17, 57, 21, 25, 61, 55
68, 4, 5, 9, 42, 3, 17, 20, 61, 32
3, 4, 5, 38, 9, 14, 29, 27, 32, 21
65, 35, 4, 5, 9, 3, 57, 27, 32, 61
3, 4, 5, 9, 14, 16, 50, 55, 32, 59
3, 4, 5, 9, 42, 19, 51, 22, 57, 35
2, 3, 4, 5, 9, 44, 19, 36, 23, 32
33, 3, 4, 5, 9, 45, 16, 19, 61, 32
34, 3, 4, 5, 9, 16, 19, 20, 61, 32
66, 3, 4, 44, 35, 19, 20, 22, 61, 32
35, 4, 5, 9, 42, 44, 19, 23, 62, 32
4, 3, 36, 5, 9, 44, 19, 20, 57, 32
3, 4, 5, 9, 45, 18, 19, 23, 60, 32
20, 11, 4, 5, 19, 36, 23, 61, 32, 22
3, 4, 5, 9, 19, 20, 54, 61, 44, 1
1, 20, 36, 9, 19, 4, 22, 57, 61, 32
3, 4, 5, 9, 29, 16, 19, 20, 61, 32
3, 4, 5, 9, 44, 48, 19, 20, 54, 61
3, 4, 7, 9, 26, 19, 20, 61, 32, 5
3, 4, 9, 42, 43, 14, 19, 20, 62, 32
3, 4, 5, 44, 14, 19, 36, 32, 42, 43
3, 4, 5, 7, 43, 29, 19, 61, 42, 20
37, 20, 38, 9, 19, 4, 22, 57, 61, 32
3, 4, 5, 14, 18, 19, 20, 61, 32, 36
3, 4, 5, 9, 29, 18, 19, 23, 61, 32
1, 4, 5, 15, 22, 55, 28, 61, 32, 9
3, 4, 64, 6, 44, 15, 19, 56, 61, 32
1, 35, 4, 5, 9, 12, 22, 56, 25, 26
3, 4, 5, 6, 44, 15, 19, 22, 25, 27
1, 4, 5, 9, 18, 19, 22, 61, 32, 25
1, 4, 5, 9, 14, 18, 19, 22, 25, 61
1, 4, 5, 9, 18, 19, 54, 25, 52, 22
1, 4, 5, 9, 18, 19, 20, 25, 27, 35
1, 3, 4, 5, 15, 19, 22, 55, 25, 32
1, 4, 5, 9, 18, 19, 20, 54, 25, 27
3, 4, 5, 39, 9, 18, 19, 29, 32, 61
1, 12, 4, 5, 9, 48, 19, 20, 25, 61
1, 4, 5, 9, 18, 19, 20, 22, 27, 60
34, 70, 9, 46, 19, 20, 23, 27, 61, 29
1, 4, 7, 11, 19, 17, 23, 27, 47, 5
1, 70, 9, 19, 51, 20, 55, 25, 28, 32
1, 4, 5, 9, 19, 20, 22, 23, 61, 32
1, 35, 4, 44, 3, 70, 19, 22, 55, 25
1, 4, 9, 19, 20, 23, 25, 59, 27, 32
1, 4, 5, 6, 19, 20, 23, 32, 61, 64
2, 68, 42, 44, 13, 18, 19, 25, 26, 64
2, 6, 13, 15, 19, 20, 25, 27, 61, 32
68, 9, 42, 44, 13, 25, 51, 57, 27, 32
35, 68, 6, 40, 42, 44, 25, 27, 61, 32
65, 8, 9, 14, 15, 25, 26, 27, 61, 32
68, 37, 8, 10, 44, 19, 25, 27, 32, 42
65, 68, 37, 42, 44, 15, 49, 11, 32, 9
36, 5, 19, 20, 22, 55, 25, 27, 61, 9
65, 9, 15, 41, 51, 20, 57, 25, 27, 32
68, 37, 6, 42, 12, 44, 19, 25, 61, 32
44, 8, 9, 42, 21, 19, 54, 56, 25, 32
68, 37, 6, 42, 15, 19, 54, 25, 27, 32
46, 6, 18, 19, 20, 25, 27, 61, 32, 9
68, 37, 41, 42, 43, 44, 15, 25, 26, 27
2, 68, 45, 18, 52, 42, 25, 27, 61, 32
4, 5, 64, 9, 19, 36, 55, 25, 27, 61
68, 37, 8, 41, 42, 44, 9, 54, 25, 27
65, 37, 9, 42, 13, 52, 25, 27, 61, 32
65, 68, 8, 42, 44, 15, 50, 25, 61, 32
65, 68, 14, 15, 56, 25, 26, 61, 32, 20
3, 4, 5, 9, 61, 44, 15, 21, 55, 29
3, 4, 5, 70, 15, 28, 21, 25, 60, 32
15, 4, 5, 9, 44, 51, 21, 22, 27, 61
65, 4, 53, 9, 44, 41, 21, 25, 27, 62
3, 4, 9, 35, 15, 21, 61, 30, 32, 14
3, 5, 70, 42, 15, 16, 21, 25, 27, 32
35, 4, 5, 9, 29, 25, 27, 61, 65, 49
65, 3, 38, 40, 48, 49, 19, 22, 61, 63
4, 5, 9, 42, 15, 21, 25, 31, 32, 3
3, 4, 9, 11, 22, 25, 28, 61, 64, 16
3, 4, 5, 9, 61, 44, 25, 27, 29, 32
3, 4, 5, 9, 11, 15, 25, 27, 64, 14
3, 7, 9, 42, 44, 22, 27, 29, 32, 16
33, 4, 5, 9, 44, 25, 27, 29, 32, 3
3, 4, 5, 9, 42, 44, 49, 25, 27, 32
65, 35, 5, 9, 15, 54, 27, 29, 32, 11
33, 3, 5, 9, 14, 15, 51, 21, 25, 32
65, 3, 4, 9, 11, 15, 27, 64, 29, 32
3, 4, 5, 9, 42, 22, 25, 28, 61, 64
65, 4, 10, 9, 29, 25, 27, 61, 32, 21
3, 4, 5, 44, 48, 25, 27, 61, 63, 32
4, 5, 9, 48, 23, 19, 21, 25, 62, 64
3, 4, 5, 9, 44, 16, 25, 27, 61, 30
66, 3, 4, 9, 22, 25, 27, 30, 31, 54
3, 4, 9, 42, 11, 18, 54, 27, 61, 32
3, 4, 5, 9, 11, 46, 25, 27, 32, 44
2, 3, 4, 5, 44, 68, 53, 54, 25, 27
5, 70, 8, 53, 22, 25, 21, 27, 63, 32
3, 4, 70, 9, 21, 56, 25, 53, 27, 32
3, 4, 5, 70, 9, 16, 25, 27, 61, 64
3, 4, 44, 16, 21, 22, 53, 27, 61, 32
1, 4, 6, 25, 21, 57, 27, 61, 32, 9
3, 4, 5, 70, 9, 14, 63, 27, 61, 64
3, 4, 70, 9, 11, 25, 61, 30, 32, 5
2, 3, 36, 9, 44, 68, 53, 54, 25, 27
66, 3, 4, 9, 22, 68, 56, 25, 60, 5
3, 4, 5, 70, 9, 11, 21, 54, 69, 27
3, 9, 12, 67, 41, 54, 25, 27, 28, 30
19, 36, 5, 9, 42, 21, 54, 25, 61, 1
3, 4, 9, 18, 19, 25, 27, 61, 32, 63
1, 3, 70, 9, 44, 45, 14, 25, 27, 32
2, 3, 69, 9, 25, 19, 57, 62, 32, 27
1, 9, 17, 25, 21, 57, 27, 61, 32, 3
3, 7, 9, 44, 16, 25, 20, 57, 61, 32
3, 7, 36, 49, 19, 21, 25, 58, 28, 61
1, 3, 9, 11, 18, 53, 54, 51, 2, 32
1, 69, 9, 14, 15, 20, 21, 57, 26, 59
3, 9, 46, 14, 25, 26, 61, 62, 31, 32
3, 4, 7, 9, 16, 20, 21, 54, 27, 31
34, 3, 6, 15, 16, 20, 21, 57, 61, 32
3, 9, 11, 46, 19, 25, 26, 61, 32, 27
3, 9, 46, 57, 19, 56, 25, 26, 27, 61
1, 3, 36, 16, 49, 25, 27, 61, 31, 32
36, 70, 7, 9, 14, 16, 25, 27, 61, 32
1, 35, 5, 9, 16, 68, 18, 25, 59, 7
3, 7, 9, 14, 16, 18, 56, 57, 32, 5
34, 3, 9, 15, 16, 49, 24, 57, 61, 32
1, 3, 70, 9, 11, 21, 25, 58, 32, 27
3, 5, 70, 16, 17, 25, 27, 61, 62, 19
3, 68, 4, 49, 25, 27, 61, 31, 32, 9
3, 36, 5, 9, 46, 20, 25, 27, 61, 32
3, 39, 9, 19, 44, 18, 53, 25, 27, 61
3, 4, 9, 36, 58, 25, 26, 32, 27, 66
34, 3, 38, 50, 25, 58, 27, 61, 30, 32
3, 5, 6, 9, 42, 51, 20, 27, 30, 32
11, 44, 17, 9, 42, 20, 25, 61, 32, 30
3, 5, 9, 42, 48, 41, 53, 24, 25, 32
3, 39, 9, 42, 11, 20, 61, 31, 32, 63
36, 5, 9, 45, 58, 27, 61, 62, 32, 66
36, 69, 70, 9, 42, 25, 27, 61, 38, 32
66, 5, 15, 16, 53, 25, 27, 63, 32, 70
3, 9, 42, 11, 46, 20, 25, 27, 29, 32
3, 36, 5, 70, 9, 42, 20, 25, 37, 32
3, 9, 35, 43, 17, 57, 24, 25, 27, 32
34, 3, 9, 42, 12, 45, 27, 32, 61, 64
33, 66, 37, 3, 9, 42, 53, 25, 27, 61
1, 12, 5, 39, 9, 20, 27, 61, 32, 3
3, 37, 70, 41, 42, 20, 25, 30, 27, 32
3, 37, 9, 42, 46, 15, 20, 61, 31, 32
33, 66, 37, 15, 48, 17, 53, 25, 27, 61
1, 4, 5, 9, 44, 45, 19, 23, 28, 63
1, 4, 5, 9, 6, 19, 21, 23, 59, 31
1, 4, 5, 9, 15, 19, 21, 59, 61, 23
1, 4, 5, 9, 15, 50, 19, 53, 23, 63
1, 34, 4, 5, 9, 15, 19, 21, 23, 27
1, 4, 5, 9, 14, 15, 19, 27, 30, 63
1, 68, 5, 9, 15, 50, 19, 4, 23, 59
1, 4, 5, 59, 15, 48, 21, 23, 63, 27
1, 4, 5, 12, 14, 19, 68, 57, 28, 15
1, 5, 9, 15, 19, 20, 21, 24, 63, 4
1, 4, 5, 9, 15, 50, 19, 21, 23, 14
1, 4, 5, 9, 14, 15, 19, 21, 58, 59
1, 4, 5, 9, 15, 50, 19, 21, 23, 14
1, 4, 5, 9, 45, 14, 15, 50, 23, 27
1, 34, 4, 5, 9, 15, 19, 21, 63, 27
1, 4, 5, 9, 45, 15, 20, 53, 23, 63
1, 4, 5, 70, 9, 15, 23, 59, 61, 63
1, 4, 5, 9, 14, 15, 19, 21, 58, 63
1, 4, 5, 9, 15, 57, 21, 27, 61, 59
4, 5, 9, 15, 19, 21, 58, 27, 64, 1
3, 4, 5, 39, 14, 19, 58, 61, 32, 9
1, 4, 5, 70, 17, 18, 54, 27, 32, 9
1, 4, 5, 70, 9, 17, 18, 27, 32, 21
4, 5, 9, 14, 16, 19, 55, 27, 32, 18
68, 3, 4, 5, 47, 18, 19, 20, 27, 61
1, 4, 5, 9, 48, 41, 54, 23, 25, 27
3, 4, 5, 9, 48, 19, 25, 58, 61, 32
1, 3, 4, 5, 9, 43, 18, 25, 27, 61
20, 3, 4, 9, 17, 36, 54, 23, 25, 29
1, 3, 6, 39, 9, 35, 54, 23, 27, 32
3, 5, 70, 39, 9, 35, 18, 54, 29, 32
3, 4, 37, 39, 9, 19, 23, 56, 27, 32
3, 4, 5, 39, 9, 70, 21, 27, 32, 67
1, 4, 5, 70, 9, 18, 19, 54, 17, 32
3, 4, 5, 39, 9, 50, 19, 54, 25, 64
1, 4, 5, 9, 48, 41, 20, 27, 32, 64
20, 4, 5, 9, 14, 54, 19, 36, 25, 29
3, 4, 5, 6, 9, 42, 27, 64, 32, 25
33, 3, 4, 9, 14, 54, 67, 25, 27, 61
3, 4, 37, 43, 55, 23, 27, 61, 32, 22
2, 3, 4, 5, 9, 45, 52, 57, 61, 64
3, 5, 9, 12, 46, 50, 57, 25, 61, 4
3, 4, 5, 9, 12, 21, 57, 27, 63, 32
2, 3, 4, 5, 6, 57, 41, 25, 27, 9
3, 4, 39, 42, 45, 22, 25, 27, 61, 32
3, 5, 9, 11, 46, 25, 27, 61, 63, 32
3, 4, 5, 9, 46, 19, 52, 57, 59, 32
2, 3, 4, 5, 9, 45, 19, 25, 61, 31
3, 4, 5, 9, 16, 23, 27, 30, 63, 32
26, 4, 5, 9, 14, 48, 57, 31, 32, 17
3, 4, 5, 9, 42, 15, 23, 27, 32, 61
4, 9, 57, 28, 25, 27, 61, 31, 32, 5
2, 4, 5, 9, 45, 19, 58, 27, 31, 64
3, 4, 5, 39, 40, 52, 25, 27, 32, 57
65, 3, 5, 39, 9, 50, 58, 27, 61, 37
2, 4, 50, 9, 11, 18, 57, 25, 27, 3
3, 5, 9, 46, 57, 19, 25, 27, 61, 32
4, 37, 9, 45, 19, 49, 5, 31, 32, 3
65, 4, 5, 9, 46, 50, 54, 61, 63, 32
3, 37, 50, 9, 11, 18, 57, 25, 27, 32
3, 44, 9, 42, 12, 41, 25, 61, 31, 32
3, 70, 9, 42, 44, 50, 25, 61, 38, 32
3, 70, 9, 44, 14, 50, 25, 61, 38, 32
3, 70, 9, 42, 48, 50, 25, 59, 61, 32
3, 70, 9, 42, 14, 50, 25, 61, 32, 38
3, 70, 9, 42, 44, 35, 25, 59, 61, 32
3, 70, 9, 44, 14, 25, 61, 38, 32, 50
3, 70, 9, 42, 44, 35, 15, 49, 25, 61
3, 38, 9, 44, 14, 48, 68, 25, 61, 32
3, 38, 9, 42, 44, 35, 48, 25, 59, 61
3, 70, 65, 44, 48, 49, 52, 32, 25, 35
3, 70, 9, 44, 14, 49, 25, 61, 32, 31
3, 12, 70, 9, 44, 14, 48, 57, 61, 32
3, 70, 9, 44, 14, 25, 61, 32, 50, 34
3, 69, 38, 9, 42, 44, 25, 57, 61, 32
3, 70, 42, 44, 16, 20, 25, 59, 61, 32
3, 69, 41, 42, 44, 25, 57, 61, 32, 9
3, 4, 9, 44, 67, 15, 14, 57, 59, 32
67, 70, 9, 42, 44, 35, 25, 61, 62, 32
3, 8, 9, 44, 16, 49, 41, 51, 61, 32
3, 4, 5, 9, 35, 15, 19, 27, 61, 62
3, 4, 5, 9, 35, 15, 19, 27, 61, 62
3, 4, 5, 9, 12, 19, 21, 25, 61, 32
3, 4, 5, 9, 15, 54, 56, 27, 61, 58
4, 5, 9, 12, 48, 19, 20, 21, 25, 27
3, 4, 5, 9, 15, 19, 27, 61, 62, 13
3, 4, 5, 9, 41, 19, 20, 25, 62, 32
3, 5, 9, 42, 17, 41, 55, 25, 27, 32
3, 4, 5, 9, 35, 19, 20, 25, 62, 32
3, 5, 44, 48, 50, 54, 23, 25, 32, 9
3, 4, 5, 9, 42, 15, 68, 54, 63, 32
4, 5, 43, 12, 46, 20, 23, 58, 27, 62
3, 4, 5, 9, 54, 57, 27, 61, 63, 32
3, 4, 5, 9, 12, 15, 19, 21, 61, 62
3, 4, 5, 9, 35, 15, 19, 25, 58, 27
3, 4, 5, 9, 12, 25, 27, 61, 63, 20
4, 5, 42, 48, 17, 19, 20, 21, 25, 27
3, 5, 9, 42, 17, 55, 27, 68, 62, 32
3, 4, 5, 9, 35, 15, 19, 25, 10, 62
4, 5, 9, 42, 54, 23, 57, 27, 61, 63
