1, 3, 4, 5, 19, 52, 53, 25, 27, 62
1, 3, 4, 69, 13, 18, 25, 61, 64, 5
1, 4, 5, 18, 19, 20, 56, 25, 27, 51
1, 3, 4, 5, 19, 52, 21, 25, 58, 62
1, 3, 4, 5, 19, 21, 25, 60, 62, 64
20, 3, 4, 15, 17, 19, 52, 25, 27, 51
1, 3, 5, 19, 21, 25, 60, 62, 64, 4
3, 4, 5, 18, 19, 20, 56, 25, 58, 64
1, 4, 5, 48, 18, 19, 20, 54, 27, 61
2, 3, 4, 14, 5, 19, 20, 54, 58, 61
1, 4, 5, 11, 14, 19, 23, 57, 26, 61
1, 4, 5, 18, 19, 20, 58, 64, 25, 56
2, 4, 13, 15, 19, 20, 53, 25, 58, 49
2, 4, 14, 15, 18, 19, 20, 25, 27, 62
2, 4, 5, 18, 19, 20, 56, 25, 58, 53
1, 4, 5, 18, 19, 20, 25, 58, 64, 49
2, 3, 4, 14, 19, 20, 53, 54, 27, 62
1, 3, 4, 15, 17, 18, 25, 58, 27, 64
3, 4, 51, 48, 17, 19, 20, 27, 61, 64
1, 3, 5, 18, 19, 20, 21, 27, 61, 31
3, 4, 5, 9, 19, 25, 26, 54, 64, 32
34, 3, 36, 5, 19, 25, 27, 69, 9, 4
3, 36, 5, 38, 40, 45, 25, 27, 32, 19
3, 4, 5, 9, 48, 20, 27, 64, 61, 32
3, 4, 5, 16, 24, 25, 58, 27, 32, 9
34, 4, 5, 9, 48, 19, 20, 24, 27, 65
3, 4, 5, 9, 48, 19, 21, 58, 61, 53
3, 4, 5, 9, 13, 19, 61, 25, 26, 27
3, 4, 44, 13, 15, 18, 21, 25, 11, 27
3, 4, 5, 20, 22, 25, 58, 27, 32, 9
3, 4, 5, 9, 14, 48, 25, 26, 27, 58
3, 4, 5, 9, 45, 19, 22, 25, 27, 32
3, 5, 39, 9, 14, 47, 25, 61, 30, 21
3, 4, 5, 9, 19, 25, 27, 32, 29, 64
3, 4, 5, 9, 57, 19, 25, 58, 27, 61
34, 4, 5, 9, 12, 19, 36, 24, 25, 27
3, 4, 5, 9, 19, 25, 26, 64, 61, 32
2, 5, 38, 9, 45, 21, 22, 25, 32, 55
33, 3, 5, 9, 47, 22, 25, 27, 61, 32
3, 4, 5, 40, 50, 19, 57, 58, 27, 32
65, 68, 9, 42, 44, 16, 25, 27, 61, 32
5, 68, 9, 42, 44, 25, 27, 61, 31, 32
3, 68, 9, 42, 44, 25, 27, 61, 32, 8
3, 68, 6, 42, 44, 16, 18, 61, 31, 32
3, 68, 9, 42, 44, 16, 56, 27, 61, 32
65, 3, 68, 34, 42, 16, 56, 25, 61, 32
1, 67, 37, 38, 42, 44, 27, 61, 32, 68
3, 68, 9, 42, 44, 16, 27, 61, 31, 32
3, 68, 9, 42, 44, 16, 56, 27, 61, 32
3, 68, 42, 44, 51, 25, 61, 31, 32, 9
3, 68, 9, 42, 44, 16, 27, 61, 62, 32
65, 68, 9, 42, 44, 16, 55, 25, 61, 32
3, 68, 37, 42, 44, 50, 38, 25, 61, 32
33, 3, 68, 6, 42, 44, 58, 27, 18, 32
35, 68, 1, 42, 44, 56, 25, 58, 61, 32
3, 68, 9, 42, 44, 16, 27, 61, 62, 32
3, 68, 9, 42, 44, 51, 25, 27, 32, 7
3, 68, 9, 42, 44, 16, 27, 61, 31, 32
3, 68, 6, 42, 44, 51, 25, 27, 29, 32
3, 68, 9, 42, 44, 16, 27, 61, 32, 51
1, 4, 5, 7, 9, 12, 18, 19, 27, 28
1, 4, 5, 9, 14, 19, 21, 25, 27, 33
1, 4, 5, 42, 15, 18, 19, 23, 25, 29
2, 4, 5, 9, 14, 18, 19, 25, 27, 61
1, 4, 5, 9, 43, 19, 21, 25, 27, 61
1, 67, 4, 5, 14, 18, 19, 54, 27, 61
4, 5, 43, 45, 14, 18, 19, 21, 23, 27
1, 4, 5, 9, 11, 14, 19, 21, 25, 58
1, 4, 5, 9, 14, 19, 21, 23, 58, 27
1, 4, 5, 9, 11, 14, 18, 19, 21, 25
68, 4, 5, 9, 11, 15, 19, 54, 23, 61
1, 4, 5, 9, 14, 19, 21, 23, 27, 29
1, 4, 5, 9, 11, 19, 21, 25, 27, 61
1, 4, 5, 7, 9, 12, 19, 25, 28, 18
1, 4, 5, 9, 14, 19, 21, 54, 26, 62
1, 4, 5, 7, 9, 12, 18, 19, 25, 28
1, 4, 5, 7, 9, 12, 18, 19, 25, 28
1, 4, 5, 9, 14, 18, 19, 21, 27, 29
1, 4, 5, 9, 42, 14, 15, 19, 18, 28
1, 4, 5, 9, 14, 18, 19, 25, 27, 61
4, 9, 15, 49, 18, 19, 16, 25, 31, 5
4, 9, 15, 19, 20, 21, 55, 61, 31, 49
4, 68, 5, 9, 21, 23, 27, 28, 61, 25
4, 69, 9, 18, 19, 21, 55, 61, 32, 57
66, 4, 5, 9, 16, 18, 23, 61, 62, 19
2, 68, 5, 9, 41, 19, 23, 61, 32, 20
4, 5, 42, 15, 19, 62, 54, 23, 27, 32
33, 66, 5, 38, 9, 19, 21, 27, 61, 31
4, 5, 9, 15, 17, 19, 36, 27, 61, 21
66, 4, 5, 9, 48, 19, 55, 57, 28, 21
33, 4, 5, 9, 38, 15, 21, 57, 61, 32
68, 5, 9, 18, 19, 20, 25, 32, 27, 11
4, 5, 9, 12, 15, 17, 19, 21, 25, 61
66, 4, 9, 15, 21, 54, 23, 57, 61, 32
66, 4, 5, 9, 14, 18, 19, 21, 55, 61
27, 5, 15, 19, 20, 21, 55, 69, 61, 32
4, 5, 9, 64, 15, 21, 23, 28, 32, 54
68, 5, 70, 18, 19, 4, 21, 57, 61, 16
3, 4, 9, 15, 38, 20, 57, 27, 61, 32
4, 5, 13, 19, 51, 21, 27, 61, 64, 9
1, 4, 5, 9, 15, 16, 32, 22, 23, 21
1, 4, 5, 9, 46, 15, 17, 20, 22, 23
1, 4, 5, 9, 11, 15, 22, 23, 32, 3
1, 4, 5, 9, 11, 46, 18, 19, 20, 21
3, 4, 5, 9, 19, 20, 23, 61, 30, 64
3, 4, 5, 9, 12, 16, 19, 25, 32, 48
3, 4, 5, 9, 19, 20, 25, 61, 32, 54
1, 3, 5, 9, 11, 15, 22, 23, 32, 19
3, 4, 5, 9, 18, 51, 23, 25, 61, 63
3, 4, 5, 9, 19, 20, 21, 25, 61, 46
3, 4, 5, 9, 15, 2, 20, 25, 32, 21
3, 4, 5, 9, 11, 46, 19, 20, 61, 32
3, 4, 5, 9, 11, 15, 19, 21, 54, 61
3, 4, 5, 9, 16, 20, 21, 54, 27, 32
3, 4, 5, 38, 9, 19, 20, 21, 25, 61
3, 12, 5, 9, 46, 18, 19, 23, 61, 30
3, 4, 5, 9, 15, 19, 20, 23, 57, 64
3, 4, 5, 9, 11, 19, 20, 54, 25, 32
3, 4, 5, 9, 15, 16, 19, 57, 61, 32
3, 4, 5, 9, 19, 18, 51, 20, 25, 61
1, 4, 5, 9, 47, 50, 19, 23, 61, 32
1, 4, 5, 9, 47, 50, 19, 23, 61, 32
1, 4, 5, 50, 19, 20, 25, 37, 32, 40
65, 66, 4, 5, 19, 52, 21, 25, 58, 32
1, 4, 5, 9, 19, 20, 60, 61, 62, 32
1, 4, 5, 14, 19, 20, 22, 37, 32, 67
58, 4, 5, 19, 20, 21, 57, 27, 32, 37
1, 4, 5, 9, 10, 51, 23, 37, 27, 64
1, 4, 38, 10, 19, 20, 25, 27, 31, 70
25, 4, 5, 9, 47, 19, 22, 23, 61, 32
1, 4, 5, 9, 12, 19, 25, 27, 61, 32
1, 4, 5, 9, 12, 19, 25, 27, 61, 32
1, 4, 5, 9, 17, 19, 37, 27, 31, 32
1, 4, 69, 9, 20, 56, 25, 27, 29, 5
4, 5, 9, 44, 20, 25, 37, 27, 64, 21
1, 4, 5, 9, 11, 44, 19, 52, 27, 64
5, 9, 13, 20, 22, 56, 25, 27, 61, 32
1, 5, 7, 39, 19, 52, 25, 37, 27, 59
2, 32, 5, 9, 19, 20, 25, 37, 27, 4
35, 4, 5, 19, 57, 27, 61, 9, 1, 58
3, 4, 5, 9, 67, 19, 20, 21, 27, 32
3, 4, 5, 9, 67, 19, 20, 21, 27, 32
3, 4, 5, 9, 11, 19, 25, 61, 32, 27
1, 67, 4, 5, 9, 19, 21, 37, 61, 32
3, 4, 5, 6, 9, 21, 22, 25, 48, 32
65, 4, 5, 1, 9, 19, 20, 28, 61, 32
4, 5, 17, 20, 22, 55, 69, 61, 37, 13
3, 4, 5, 9, 13, 19, 21, 27, 43, 62
3, 4, 5, 9, 67, 23, 57, 27, 61, 32
3, 4, 5, 9, 13, 23, 58, 61, 32, 1
3, 5, 9, 13, 19, 27, 61, 32, 4, 17
3, 4, 5, 9, 43, 16, 17, 27, 61, 32
3, 4, 5, 9, 43, 17, 23, 28, 32, 61
3, 4, 5, 6, 43, 17, 20, 22, 32, 9
3, 5, 38, 9, 11, 20, 57, 61, 70, 6
3, 4, 5, 9, 67, 19, 20, 55, 25, 61
3, 4, 5, 9, 13, 16, 17, 19, 22, 55
3, 4, 69, 9, 20, 25, 5, 61, 32, 6
3, 4, 5, 9, 43, 16, 17, 27, 65, 32
3, 4, 5, 9, 11, 19, 20, 57, 37, 61
66, 3, 37, 15, 19, 52, 38, 61, 32, 9
33, 4, 37, 39, 25, 22, 57, 58, 27, 32
2, 3, 9, 12, 18, 52, 25, 61, 31, 32
66, 3, 38, 9, 12, 46, 25, 61, 32, 2
66, 3, 38, 9, 46, 22, 25, 27, 61, 64
2, 35, 37, 9, 11, 25, 27, 61, 32, 3
66, 3, 54, 46, 16, 18, 20, 25, 61, 32
2, 3, 38, 9, 12, 25, 27, 61, 32, 63
2, 3, 47, 40, 9, 19, 55, 25, 63, 32
33, 3, 39, 46, 20, 25, 27, 32, 61, 64
3, 39, 9, 44, 18, 25, 27, 61, 63, 33
2, 3, 68, 9, 15, 49, 20, 25, 59, 32
2, 3, 5, 38, 9, 11, 18, 55, 27, 61
66, 3, 38, 9, 46, 20, 56, 25, 61, 32
2, 3, 68, 9, 15, 49, 52, 25, 27, 32
66, 3, 38, 34, 9, 45, 22, 26, 64, 32
3, 37, 39, 9, 55, 25, 26, 27, 61, 22
3, 37, 39, 9, 49, 54, 25, 26, 27, 61
33, 3, 9, 44, 20, 54, 25, 27, 32, 61
2, 3, 37, 39, 9, 11, 25, 57, 61, 32
1, 4, 5, 9, 14, 15, 19, 21, 25, 27
1, 4, 37, 9, 18, 19, 21, 25, 27, 32
1, 4, 5, 39, 18, 19, 21, 25, 27, 41
1, 4, 5, 9, 19, 25, 59, 27, 40, 18
1, 4, 5, 9, 15, 19, 21, 32, 26, 27
1, 4, 5, 9, 15, 18, 19, 21, 25, 26
63, 4, 5, 9, 18, 19, 23, 25, 26, 1
1, 4, 38, 9, 15, 18, 56, 25, 27, 5
1, 4, 5, 38, 15, 19, 21, 25, 27, 9
1, 4, 5, 69, 40, 19, 52, 23, 26, 59
1, 4, 5, 39, 18, 19, 21, 23, 25, 9
1, 4, 20, 9, 14, 18, 19, 25, 26, 27
1, 4, 5, 9, 14, 19, 52, 23, 26, 59
1, 33, 4, 5, 38, 57, 19, 27, 25, 26
1, 4, 5, 36, 14, 19, 21, 58, 27, 61
1, 4, 5, 38, 9, 15, 21, 25, 32, 23
1, 4, 5, 9, 15, 52, 21, 27, 63, 64
1, 4, 5, 40, 14, 18, 19, 25, 26, 59
1, 4, 5, 9, 14, 15, 42, 21, 25, 27
1, 34, 4, 8, 21, 15, 19, 26, 27, 30
68, 6, 8, 42, 44, 48, 21, 25, 28, 61
33, 67, 69, 44, 41, 27, 32, 61, 31, 64
68, 8, 42, 44, 48, 21, 25, 27, 32, 6
68, 7, 42, 11, 44, 15, 25, 64, 61, 32
68, 6, 42, 44, 15, 36, 58, 27, 61, 64
34, 67, 42, 44, 50, 37, 25, 64, 61, 32
65, 68, 6, 42, 44, 25, 58, 27, 32, 70
68, 42, 44, 49, 50, 25, 27, 64, 32, 61
68, 8, 42, 44, 14, 53, 58, 61, 32, 49
65, 70, 39, 42, 44, 50, 53, 27, 32, 68
65, 68, 6, 42, 48, 25, 27, 32, 70, 15
65, 68, 70, 42, 44, 54, 25, 27, 32, 61
67, 68, 69, 40, 49, 19, 53, 25, 27, 61
65, 70, 8, 42, 44, 25, 58, 27, 32, 11
1, 68, 44, 15, 18, 53, 65, 27, 61, 32
65, 68, 7, 42, 44, 48, 25, 27, 61, 32
65, 34, 8, 42, 44, 48, 53, 22, 58, 32
2, 69, 66, 42, 48, 25, 26, 27, 61, 32
2, 69, 66, 42, 48, 53, 58, 61, 1, 27
2, 68, 9, 42, 44, 51, 26, 27, 55, 32
3, 4, 5, 9, 61, 19, 22, 37, 64, 32
3, 4, 5, 39, 9, 46, 57, 58, 27, 32
3, 4, 5, 49, 50, 19, 22, 16, 32, 37
2, 3, 4, 39, 9, 67, 25, 27, 61, 5
4, 5, 39, 9, 49, 54, 23, 28, 61, 64
2, 4, 9, 44, 19, 25, 58, 27, 61, 32
3, 4, 37, 9, 50, 19, 22, 65, 32, 64
3, 4, 5, 9, 44, 50, 37, 27, 61, 32
2, 3, 5, 9, 50, 27, 61, 30, 32, 37
2, 3, 4, 5, 9, 55, 19, 54, 58, 27
3, 4, 5, 9, 44, 50, 25, 27, 28, 32
1, 4, 49, 39, 9, 19, 54, 25, 61, 32
3, 5, 39, 9, 19, 52, 53, 22, 25, 4
2, 3, 4, 9, 44, 18, 19, 54, 61, 32
3, 4, 5, 9, 50, 19, 52, 61, 32, 39
3, 4, 5, 39, 9, 44, 19, 54, 64, 48
3, 4, 37, 9, 15, 25, 69, 27, 32, 48
3, 4, 9, 64, 44, 25, 27, 28, 61, 32
33, 4, 5, 9, 19, 52, 25, 27, 61, 30
3, 4, 5, 9, 50, 19, 22, 58, 32, 64
65, 1, 67, 4, 5, 13, 19, 27, 61, 32
65, 1, 5, 9, 4, 20, 25, 61, 32, 27
65, 1, 4, 9, 18, 19, 20, 27, 61, 32
3, 68, 5, 66, 19, 4, 57, 61, 32, 59
2, 3, 4, 9, 19, 5, 25, 27, 29, 22
2, 3, 4, 9, 19, 25, 27, 61, 32, 5
3, 4, 5, 9, 19, 20, 61, 62, 50, 32
33, 3, 4, 5, 38, 9, 20, 61, 13, 32
2, 4, 5, 44, 20, 25, 27, 61, 32, 9
3, 4, 5, 9, 43, 20, 25, 27, 59, 19
2, 4, 5, 9, 26, 54, 27, 61, 33, 25
3, 4, 38, 9, 19, 20, 16, 59, 61, 56
4, 19, 9, 15, 54, 25, 26, 27, 32, 40
34, 3, 4, 5, 9, 15, 20, 27, 61, 43
3, 4, 5, 38, 9, 51, 19, 20, 59, 61
65, 2, 3, 5, 39, 9, 44, 56, 61, 25
22, 3, 4, 9, 19, 20, 25, 27, 61, 32
3, 4, 5, 39, 9, 19, 20, 61, 31, 64
3, 4, 5, 9, 45, 53, 59, 61, 31, 32
3, 4, 38, 9, 25, 19, 22, 57, 27, 60
3, 4, 5, 9, 41, 19, 20, 58, 69, 57
3, 4, 5, 9, 14, 48, 19, 20, 25, 36
3, 4, 5, 9, 46, 15, 20, 61, 32, 45
2, 3, 68, 37, 9, 45, 20, 53, 57, 32
3, 4, 5, 9, 41, 23, 20, 25, 58, 32
3, 4, 5, 9, 42, 19, 20, 26, 61, 32
3, 4, 5, 9, 19, 20, 14, 30, 32, 16
3, 4, 5, 9, 11, 30, 19, 53, 25, 62
4, 5, 9, 16, 19, 20, 25, 29, 32, 53
3, 37, 9, 41, 19, 20, 25, 69, 29, 5
3, 37, 9, 41, 19, 25, 5, 28, 61, 4
3, 4, 5, 9, 42, 20, 25, 61, 32, 41
3, 4, 40, 41, 18, 19, 20, 54, 61, 32
67, 4, 5, 9, 45, 19, 57, 26, 61, 62
3, 4, 5, 9, 41, 19, 25, 28, 61, 32
3, 4, 5, 40, 9, 16, 54, 25, 61, 32
3, 4, 5, 9, 19, 20, 61, 30, 32, 23
3, 4, 5, 9, 41, 19, 25, 28, 61, 32
3, 4, 5, 9, 41, 19, 56, 62, 32, 35
3, 4, 5, 9, 42, 48, 41, 21, 61, 32
68, 7, 9, 44, 45, 48, 56, 58, 27, 42
4, 70, 9, 45, 15, 48, 21, 56, 57, 58
65, 58, 4, 9, 42, 68, 49, 41, 19, 27
33, 70, 9, 42, 44, 52, 48, 41, 56, 57
68, 4, 6, 39, 9, 18, 20, 21, 58, 27
3, 4, 42, 44, 48, 19, 24, 27, 29, 8
4, 70, 42, 44, 45, 48, 56, 27, 64, 3
3, 68, 70, 9, 42, 44, 48, 58, 27, 56
4, 70, 9, 56, 1, 48, 18, 58, 26, 57
3, 9, 48, 18, 52, 56, 27, 30, 42, 4
3, 4, 70, 42, 16, 49, 68, 19, 20, 57
1, 3, 4, 9, 42, 46, 48, 56, 58, 27
3, 4, 9, 42, 46, 48, 57, 58, 27, 34
4, 70, 9, 42, 44, 48, 41, 20, 58, 27
2, 3, 36, 70, 9, 13, 67, 48, 18, 31
67, 4, 70, 9, 42, 13, 48, 27, 64, 3
3, 41, 70, 42, 45, 15, 48, 56, 58, 27
3, 70, 9, 42, 44, 48, 63, 27, 61, 31
3, 4, 70, 42, 44, 49, 50, 19, 20, 57
3, 4, 70, 9, 48, 19, 20, 26, 16, 61
33, 4, 39, 9, 19, 61, 31, 32, 5, 20
4, 5, 9, 15, 18, 19, 22, 57, 69, 51
3, 4, 5, 9, 19, 18, 22, 24, 32, 6
3, 4, 5, 9, 47, 18, 19, 22, 23, 61
1, 3, 4, 69, 9, 19, 23, 26, 61, 32
66, 3, 4, 5, 39, 9, 19, 20, 22, 61
65, 4, 5, 9, 19, 20, 61, 31, 32, 23
65, 3, 4, 39, 9, 17, 19, 23, 32, 20
65, 3, 4, 39, 9, 17, 19, 20, 23, 32
3, 4, 5, 6, 19, 65, 23, 63, 32, 69
65, 4, 5, 9, 17, 31, 63, 32, 61, 62
65, 3, 4, 39, 9, 17, 19, 20, 23, 32
3, 4, 5, 39, 9, 17, 18, 19, 61, 32
3, 4, 5, 9, 13, 18, 57, 61, 31, 32
3, 4, 5, 9, 18, 20, 13, 23, 32, 64
66, 3, 4, 5, 9, 15, 18, 20, 47, 61
3, 4, 5, 9, 44, 15, 51, 57, 61, 31
3, 4, 5, 39, 9, 69, 15, 7, 19, 57
1, 4, 5, 9, 19, 20, 23, 63, 32, 3
3, 4, 5, 6, 39, 44, 17, 19, 57, 32
3, 4, 5, 9, 18, 19, 37, 59, 61, 64
3, 4, 69, 38, 9, 19, 20, 54, 27, 32
4, 5, 9, 42, 18, 19, 20, 27, 61, 31
3, 4, 69, 38, 35, 19, 20, 5, 61, 32
2, 4, 5, 9, 42, 18, 19, 20, 27, 61
1, 3, 4, 5, 9, 42, 19, 20, 58, 26
3, 4, 5, 9, 35, 20, 64, 61, 32, 15
67, 4, 5, 70, 18, 9, 50, 20, 23, 32
34, 3, 4, 5, 9, 42, 46, 48, 61, 64
1, 4, 5, 9, 46, 47, 36, 15, 61, 32
4, 69, 38, 9, 19, 20, 27, 61, 31, 25
34, 3, 4, 5, 17, 19, 20, 27, 61, 64
3, 4, 5, 9, 19, 20, 61, 32, 69, 54
1, 4, 13, 17, 19, 20, 27, 32, 61, 64
3, 4, 5, 70, 9, 42, 58, 59, 61, 32
35, 4, 69, 15, 18, 19, 20, 57, 27, 61
3, 4, 5, 9, 18, 20, 27, 44, 64, 59
34, 4, 5, 38, 9, 14, 19, 59, 32, 43
3, 4, 5, 9, 59, 28, 61, 64, 37, 32
67, 4, 5, 9, 42, 19, 20, 54, 32, 64
1, 68, 5, 9, 14, 15, 4, 25, 27, 32
3, 4, 5, 9, 14, 15, 25, 64, 61, 32
1, 4, 18, 41, 15, 9, 21, 25, 58, 64
1, 4, 5, 9, 49, 21, 56, 37, 61, 25
3, 4, 5, 9, 50, 21, 25, 61, 32, 15
1, 4, 5, 9, 13, 15, 50, 21, 61, 32
1, 4, 5, 9, 14, 21, 25, 64, 61, 32
1, 4, 5, 9, 14, 15, 21, 61, 32, 56
4, 5, 9, 49, 25, 27, 61, 32, 2, 15
3, 5, 9, 29, 12, 15, 57, 25, 61, 32
36, 5, 39, 9, 46, 15, 27, 61, 32, 4
3, 5, 9, 14, 15, 25, 64, 61, 32, 39
3, 4, 9, 56, 25, 27, 61, 63, 32, 5
4, 5, 7, 9, 13, 16, 26, 59, 32, 21
1, 35, 5, 7, 9, 3, 41, 61, 32, 25
3, 4, 5, 9, 13, 31, 15, 21, 61, 32
4, 5, 9, 15, 18, 19, 36, 27, 65, 1
3, 4, 5, 9, 13, 15, 16, 27, 61, 32
2, 68, 5, 9, 13, 4, 21, 25, 32, 35
3, 5, 9, 14, 15, 48, 50, 54, 61, 32
3, 4, 5, 9, 16, 19, 25, 27, 62, 38
3, 4, 5, 9, 46, 51, 20, 25, 27, 63
31, 4, 5, 9, 18, 20, 25, 26, 27, 32
3, 4, 5, 39, 18, 19, 55, 25, 61, 32
33, 4, 9, 41, 20, 21, 25, 27, 63, 5
33, 4, 5, 9, 46, 41, 19, 21, 27, 63
3, 4, 5, 7, 9, 20, 25, 27, 32, 46
3, 4, 5, 9, 46, 54, 25, 58, 27, 32
3, 4, 19, 7, 17, 20, 25, 26, 27, 61
3, 4, 12, 62, 9, 20, 25, 27, 32, 59
3, 4, 5, 9, 22, 25, 27, 32, 31, 54
3, 4, 5, 9, 16, 19, 25, 27, 68, 58
2, 3, 4, 5, 9, 54, 57, 59, 32, 44
1, 4, 5, 9, 46, 19, 20, 25, 54, 27
3, 4, 5, 9, 18, 25, 27, 61, 32, 57
3, 4, 5, 15, 49, 53, 58, 27, 32, 9
3, 4, 5, 9, 17, 18, 19, 26, 27, 32
3, 4, 5, 9, 46, 20, 6, 27, 32, 19
3, 4, 5, 7, 46, 53, 25, 58, 61, 32
3, 4, 37, 9, 18, 19, 57, 33, 59, 61
1, 4, 37, 9, 47, 19, 25, 39, 27, 32
3, 4, 5, 9, 18, 19, 25, 61, 32, 39
1, 4, 5, 9, 19, 25, 27, 61, 63, 32
1, 3, 4, 5, 9, 20, 25, 63, 32, 19
1, 5, 9, 18, 19, 20, 25, 61, 32, 12
1, 5, 9, 18, 19, 20, 25, 61, 32, 12
3, 4, 5, 9, 42, 47, 19, 59, 27, 18
3, 4, 5, 9, 18, 19, 20, 25, 61, 32
3, 4, 5, 20, 25, 27, 61, 31, 32, 9
1, 4, 5, 6, 7, 9, 44, 19, 61, 32
1, 3, 4, 5, 50, 19, 20, 25, 27, 32
3, 4, 5, 9, 61, 20, 27, 29, 30, 19
50, 67, 4, 5, 7, 9, 19, 25, 27, 61
1, 4, 6, 9, 19, 20, 25, 61, 32, 66
3, 4, 37, 9, 47, 20, 59, 61, 32, 19
1, 4, 37, 9, 16, 17, 18, 19, 20, 32
2, 4, 5, 7, 9, 19, 20, 27, 31, 32
3, 4, 9, 12, 15, 16, 18, 61, 31, 27
1, 4, 5, 9, 20, 23, 25, 27, 63, 32
2, 67, 4, 9, 41, 20, 25, 14, 32, 27
3, 4, 5, 70, 9, 14, 15, 19, 56, 61
1, 4, 5, 70, 9, 14, 19, 21, 22, 61
3, 4, 5, 9, 43, 14, 19, 69, 61, 32
1, 3, 4, 70, 9, 14, 19, 21, 22, 61
3, 4, 5, 9, 15, 54, 24, 61, 32, 57
3, 4, 5, 40, 9, 49, 20, 57, 61, 32
3, 4, 5, 9, 63, 14, 57, 69, 61, 32
3, 4, 5, 39, 9, 46, 58, 61, 32, 19
1, 3, 4, 5, 70, 21, 56, 57, 61, 32
3, 4, 5, 9, 44, 15, 16, 19, 32, 29
3, 4, 5, 9, 15, 35, 22, 57, 32, 23
3, 4, 5, 9, 42, 15, 54, 23, 57, 58
3, 4, 5, 9, 15, 54, 23, 57, 61, 32
3, 4, 5, 9, 46, 41, 20, 53, 61, 32
30, 4, 9, 45, 46, 41, 57, 61, 32, 15
3, 4, 5, 9, 45, 47, 57, 58, 61, 32
3, 4, 5, 9, 47, 23, 57, 58, 61, 32
3, 4, 5, 40, 9, 16, 18, 32, 15, 23
67, 4, 5, 9, 12, 3, 54, 23, 61, 32
3, 4, 5, 9, 43, 16, 20, 22, 62, 32
1, 4, 5, 39, 19, 59, 28, 61, 32, 20
1, 3, 4, 5, 9, 13, 19, 25, 32, 61
1, 4, 5, 9, 48, 19, 20, 25, 61, 32
1, 3, 4, 5, 9, 42, 19, 25, 32, 29
1, 4, 44, 39, 9, 19, 20, 25, 27, 32
1, 4, 5, 29, 26, 19, 20, 25, 28, 61
1, 3, 4, 5, 9, 19, 25, 58, 61, 32
1, 3, 4, 5, 9, 42, 19, 25, 27, 61
1, 4, 5, 39, 29, 19, 20, 25, 27, 61
1, 3, 4, 5, 44, 19, 20, 25, 27, 61
1, 33, 4, 5, 9, 13, 19, 20, 25, 30
1, 4, 5, 39, 9, 19, 20, 25, 27, 61
1, 4, 5, 7, 9, 19, 20, 25, 59, 27
1, 66, 4, 5, 9, 19, 20, 25, 59, 27
1, 4, 5, 39, 48, 19, 20, 25, 27, 61
1, 4, 5, 9, 19, 20, 25, 27, 37, 13
1, 4, 5, 9, 48, 19, 20, 25, 27, 59
4, 5, 7, 41, 45, 56, 25, 27, 29, 59
1, 4, 5, 39, 9, 20, 25, 27, 59, 19
1, 4, 5, 9, 48, 19, 58, 27, 59, 25
3, 4, 5, 7, 19, 21, 23, 27, 32, 9
3, 4, 5, 9, 15, 17, 19, 27, 32, 45
65, 3, 4, 7, 9, 19, 20, 27, 61, 56
3, 4, 5, 9, 18, 19, 21, 23, 61, 62
3, 4, 5, 9, 18, 19, 20, 54, 27, 8
1, 4, 5, 9, 45, 18, 20, 21, 22, 32
1, 4, 5, 9, 15, 19, 20, 58, 27, 32
3, 4, 5, 9, 19, 20, 27, 61, 32, 45
1, 4, 5, 9, 15, 18, 19, 20, 21, 27
3, 4, 5, 9, 45, 19, 20, 21, 61, 62
3, 4, 5, 9, 15, 16, 17, 21, 27, 32
3, 5, 9, 14, 15, 20, 27, 61, 34, 32
3, 4, 5, 9, 19, 20, 56, 58, 32, 27
3, 4, 5, 9, 11, 45, 19, 20, 27, 32
3, 4, 5, 1, 45, 15, 48, 19, 61, 32
65, 34, 4, 5, 15, 20, 21, 61, 32, 9
3, 4, 5, 9, 11, 16, 20, 21, 27, 32
1, 5, 9, 15, 18, 20, 21, 58, 27, 32
1, 34, 4, 5, 9, 15, 20, 21, 63, 32
3, 4, 5, 38, 40, 9, 20, 21, 61, 32
1, 4, 5, 44, 19, 20, 57, 59, 27, 32
1, 4, 6, 9, 19, 20, 25, 27, 32, 5
1, 4, 5, 32, 44, 15, 19, 20, 25, 61
1, 4, 5, 9, 15, 19, 20, 58, 27, 64
1, 4, 5, 9, 11, 19, 20, 25, 27, 32
1, 4, 6, 9, 19, 20, 54, 25, 27, 32
4, 37, 7, 9, 19, 20, 25, 27, 32, 1
4, 5, 9, 11, 50, 19, 20, 37, 27, 69
1, 4, 5, 6, 9, 14, 19, 20, 32, 25
1, 4, 9, 14, 19, 20, 29, 59, 28, 27
1, 5, 6, 9, 14, 19, 20, 25, 27, 32
4, 37, 7, 9, 19, 20, 58, 27, 32, 38
4, 5, 9, 11, 19, 25, 59, 27, 63, 20
1, 4, 5, 44, 57, 19, 25, 27, 59, 32
1, 4, 5, 14, 19, 20, 54, 25, 27, 59
65, 4, 5, 39, 9, 19, 20, 25, 27, 2
1, 52, 4, 5, 11, 19, 20, 58, 59, 32
1, 4, 9, 11, 49, 19, 25, 27, 66, 5
1, 4, 5, 9, 49, 19, 20, 25, 59, 32
1, 4, 9, 14, 19, 20, 57, 58, 27, 32
33, 3, 4, 9, 15, 19, 54, 27, 32, 39
33, 3, 9, 14, 16, 20, 25, 27, 61, 32
3, 4, 9, 15, 50, 56, 25, 27, 32, 61
3, 58, 9, 12, 20, 25, 27, 61, 32, 54
3, 70, 9, 45, 44, 13, 15, 19, 54, 27
3, 4, 44, 14, 15, 19, 25, 27, 61, 32
3, 4, 70, 9, 52, 19, 25, 27, 61, 32
26, 3, 9, 18, 52, 21, 25, 27, 61, 32
3, 4, 70, 9, 45, 20, 25, 59, 32, 12
3, 68, 41, 12, 15, 25, 27, 61, 32, 59
33, 3, 70, 39, 45, 20, 25, 27, 61, 32
4, 7, 9, 46, 17, 25, 27, 61, 32, 20
3, 9, 15, 18, 21, 25, 27, 61, 32, 19
33, 4, 9, 15, 19, 23, 25, 27, 61, 32
3, 4, 9, 15, 19, 54, 55, 27, 61, 32
3, 4, 9, 15, 54, 56, 27, 61, 32, 50
33, 7, 9, 16, 20, 25, 27, 61, 32, 56
33, 37, 9, 15, 18, 21, 25, 53, 27, 32
33, 3, 70, 50, 20, 56, 25, 27, 61, 32
3, 4, 9, 45, 15, 25, 27, 61, 32, 50
3, 4, 5, 9, 45, 17, 20, 27, 61, 32
4, 5, 57, 9, 44, 13, 18, 21, 56, 32
3, 4, 5, 9, 44, 17, 20, 58, 61, 30
1, 4, 9, 57, 20, 25, 27, 59, 63, 5
2, 4, 5, 38, 14, 20, 54, 57, 61, 32
3, 4, 37, 9, 13, 5, 61, 30, 32, 68
34, 4, 39, 9, 14, 50, 19, 20, 46, 61
3, 4, 5, 44, 17, 50, 19, 20, 27, 32
3, 4, 69, 9, 44, 46, 27, 61, 30, 32
3, 4, 5, 9, 13, 19, 27, 61, 32, 17
3, 4, 5, 9, 13, 19, 20, 27, 61, 32
4, 39, 9, 19, 54, 57, 27, 5, 32, 3
3, 4, 5, 9, 44, 20, 27, 61, 62, 32
3, 4, 9, 17, 19, 22, 58, 28, 61, 32
4, 5, 70, 9, 44, 19, 20, 61, 63, 32
3, 4, 5, 70, 9, 19, 27, 61, 62, 32
4, 5, 39, 12, 51, 20, 57, 27, 61, 32
3, 4, 40, 9, 50, 54, 25, 61, 31, 32
3, 4, 5, 9, 13, 19, 20, 27, 61, 32
4, 5, 38, 9, 15, 20, 54, 57, 61, 32
4, 60, 9, 15, 16, 20, 25, 27, 32, 21
4, 5, 39, 47, 48, 30, 53, 15, 61, 22
3, 4, 5, 9, 15, 21, 25, 27, 32, 70
3, 4, 5, 14, 15, 21, 27, 61, 31, 9
3, 4, 5, 9, 15, 54, 25, 61, 27, 21
3, 4, 5, 56, 9, 15, 17, 18, 24, 61
1, 4, 5, 9, 47, 17, 68, 55, 61, 15
3, 4, 5, 9, 15, 24, 25, 27, 61, 32
1, 65, 3, 4, 5, 14, 15, 21, 61, 30
65, 4, 5, 70, 43, 42, 25, 27, 32, 3
3, 45, 9, 14, 16, 49, 20, 53, 25, 27
1, 4, 9, 41, 25, 26, 27, 61, 32, 31
3, 4, 5, 9, 15, 54, 25, 60, 61, 32
3, 4, 5, 70, 9, 15, 25, 27, 61, 32
3, 4, 5, 38, 9, 45, 46, 25, 27, 61
3, 4, 5, 9, 15, 25, 26, 27, 31, 32
3, 4, 5, 70, 9, 15, 25, 27, 61, 32
3, 4, 53, 9, 14, 17, 24, 25, 27, 32
3, 4, 5, 9, 49, 24, 25, 27, 31, 32
3, 4, 5, 9, 15, 54, 25, 27, 61, 32
3, 4, 5, 39, 9, 42, 44, 25, 27, 63
3, 4, 5, 9, 44, 57, 37, 27, 61, 17
3, 4, 5, 9, 17, 50, 25, 27, 61, 32
3, 4, 5, 44, 58, 50, 25, 27, 61, 32
3, 4, 5, 6, 9, 25, 59, 61, 27, 32
3, 4, 5, 9, 12, 30, 25, 49, 61, 32
3, 4, 5, 9, 12, 16, 17, 23, 32, 69
3, 4, 5, 9, 50, 23, 25, 27, 61, 32
3, 4, 9, 43, 44, 25, 28, 61, 64, 12
3, 4, 5, 39, 9, 42, 31, 25, 27, 32
3, 4, 5, 40, 9, 12, 15, 23, 61, 64
3, 4, 37, 40, 9, 50, 25, 27, 61, 32
3, 4, 5, 6, 9, 17, 25, 31, 61, 52
4, 5, 39, 9, 44, 52, 59, 61, 27, 25
3, 5, 6, 9, 52, 25, 59, 61, 31, 32
4, 5, 9, 29, 44, 53, 25, 27, 61, 32
3, 5, 38, 39, 67, 50, 22, 23, 61, 32
4, 5, 39, 9, 43, 44, 59, 61, 27, 25
3, 4, 5, 40, 9, 12, 17, 61, 32, 54
3, 37, 9, 15, 50, 26, 5, 59, 32, 25
1, 3, 5, 38, 9, 19, 21, 25, 27, 32
3, 5, 9, 44, 49, 18, 19, 27, 25, 32
3, 5, 9, 25, 20, 53, 57, 27, 32, 61
3, 5, 9, 35, 49, 23, 25, 27, 61, 32
3, 5, 9, 35, 49, 19, 20, 69, 61, 32
5, 39, 9, 42, 18, 23, 52, 61, 32, 41
3, 5, 39, 9, 42, 55, 25, 27, 30, 32
3, 5, 9, 35, 49, 23, 27, 61, 32, 39
3, 5, 9, 14, 15, 25, 59, 61, 27, 32
3, 38, 9, 29, 36, 19, 27, 61, 59, 32
3, 5, 39, 9, 20, 23, 25, 27, 61, 32
3, 5, 9, 44, 18, 19, 27, 61, 32, 23
3, 5, 9, 49, 41, 25, 27, 61, 32, 18
3, 38, 9, 49, 20, 53, 25, 27, 61, 32
3, 38, 9, 36, 26, 19, 25, 58, 27, 61
3, 5, 39, 9, 49, 25, 27, 61, 32, 30
40, 9, 49, 20, 25, 27, 61, 62, 19, 32
3, 5, 70, 9, 49, 19, 20, 27, 61, 53
3, 5, 9, 42, 49, 21, 27, 62, 32, 15
5, 39, 9, 42, 49, 23, 25, 27, 61, 32
3, 4, 5, 9, 16, 41, 21, 25, 62, 1
3, 4, 5, 9, 15, 19, 58, 32, 61, 64
3, 68, 5, 9, 15, 25, 27, 11, 32, 4
3, 4, 5, 41, 15, 19, 58, 27, 61, 32
3, 4, 9, 13, 15, 48, 19, 27, 29, 32
3, 4, 5, 9, 19, 52, 56, 27, 61, 32
1, 4, 5, 9, 36, 25, 58, 27, 61, 32
33, 3, 4, 5, 53, 56, 25, 59, 30, 64
3, 4, 5, 9, 25, 58, 27, 29, 32, 39
3, 4, 64, 9, 41, 52, 55, 25, 61, 32
3, 4, 5, 39, 45, 52, 9, 61, 63, 32
3, 4, 5, 9, 15, 19, 58, 27, 61, 64
3, 4, 5, 70, 39, 9, 19, 59, 27, 64
4, 5, 39, 9, 50, 52, 23, 61, 32, 30
3, 4, 5, 9, 41, 19, 21, 22, 59, 61
3, 4, 5, 9, 41, 19, 21, 22, 59, 61
3, 4, 5, 9, 19, 25, 61, 63, 32, 16
3, 4, 5, 39, 48, 52, 25, 27, 29, 32
3, 4, 5, 38, 9, 19, 52, 27, 61, 64
3, 4, 5, 38, 9, 52, 27, 32, 61, 64
3, 4, 5, 9, 12, 15, 18, 19, 27, 32
1, 4, 5, 9, 14, 15, 21, 57, 27, 61
1, 4, 5, 9, 14, 15, 21, 57, 27, 61
1, 4, 5, 9, 14, 15, 21, 57, 27, 61
1, 4, 5, 9, 14, 15, 21, 57, 27, 61
1, 4, 5, 9, 12, 41, 19, 27, 61, 32
1, 4, 5, 46, 9, 15, 21, 57, 27, 61
51, 5, 9, 42, 12, 46, 21, 61, 63, 37
3, 4, 5, 39, 9, 15, 57, 27, 61, 32
1, 4, 5, 9, 12, 15, 27, 61, 21, 32
3, 4, 5, 9, 11, 12, 15, 57, 27, 32
3, 4, 5, 9, 14, 15, 57, 27, 61, 32
3, 4, 5, 9, 14, 15, 21, 57, 27, 23
3, 4, 5, 9, 42, 15, 57, 27, 61, 32
3, 4, 44, 9, 42, 46, 15, 13, 25, 27
3, 4, 5, 34, 9, 15, 21, 57, 61, 32
3, 4, 5, 9, 67, 15, 46, 25, 27, 61
3, 4, 5, 9, 12, 15, 18, 19, 68, 27
3, 4, 5, 9, 42, 12, 46, 52, 27, 61
3, 4, 5, 7, 9, 15, 21, 25, 27, 32
1, 3, 4, 5, 45, 16, 19, 21, 61, 32
1, 4, 5, 9, 18, 19, 21, 57, 61, 32
1, 4, 5, 9, 13, 15, 19, 36, 54, 32
1, 4, 5, 9, 19, 21, 54, 32, 28, 15
1, 4, 5, 9, 18, 19, 21, 54, 58, 61
1, 4, 28, 9, 19, 54, 25, 26, 27, 32
4, 5, 38, 9, 19, 20, 21, 54, 58, 36
1, 4, 5, 44, 15, 16, 19, 20, 21, 32
1, 4, 5, 9, 25, 26, 27, 19, 28, 23
66, 4, 5, 9, 19, 20, 54, 23, 32, 27
1, 4, 5, 40, 9, 15, 36, 21, 28, 32
1, 4, 5, 9, 44, 15, 19, 20, 3, 32
1, 19, 4, 5, 9, 44, 46, 51, 47, 15
66, 4, 5, 9, 19, 20, 21, 25, 61, 32
1, 4, 5, 19, 20, 23, 25, 37, 32, 9
65, 4, 5, 9, 44, 30, 25, 58, 32, 61
1, 65, 55, 38, 9, 44, 19, 20, 27, 32
3, 4, 5, 9, 20, 21, 25, 53, 30, 32
1, 3, 5, 9, 15, 19, 20, 23, 25, 58
1, 3, 4, 9, 19, 20, 25, 58, 61, 69
3, 36, 5, 7, 9, 19, 20, 25, 61, 32
3, 4, 5, 9, 46, 15, 49, 19, 52, 32
3, 4, 42, 9, 16, 59, 61, 31, 32, 2
65, 4, 5, 9, 49, 50, 21, 59, 61, 32
3, 4, 5, 9, 46, 15, 19, 21, 25, 32
3, 4, 9, 7, 19, 20, 21, 25, 61, 32
3, 4, 5, 9, 33, 19, 20, 25, 61, 32
20, 3, 4, 9, 18, 36, 59, 28, 61, 32
4, 5, 9, 14, 21, 54, 50, 25, 61, 32
4, 5, 39, 9, 50, 19, 21, 26, 61, 32
3, 4, 41, 9, 28, 55, 25, 27, 32, 48
65, 3, 4, 9, 44, 19, 20, 25, 27, 32
4, 5, 9, 45, 48, 19, 32, 61, 64, 3
3, 4, 39, 9, 48, 20, 61, 30, 31, 32
3, 4, 5, 9, 19, 20, 23, 27, 60, 64
25, 4, 5, 9, 51, 19, 20, 23, 27, 60
2, 3, 4, 5, 19, 20, 23, 25, 27, 61
3, 4, 5, 9, 46, 19, 25, 27, 61, 59
3, 4, 39, 9, 46, 52, 54, 25, 61, 32
3, 4, 5, 9, 48, 59, 61, 31, 32, 20
27, 4, 5, 7, 19, 21, 25, 31, 32, 33
4, 5, 17, 18, 19, 54, 69, 27, 61, 15
34, 11, 5, 9, 19, 67, 25, 61, 32, 27
65, 4, 5, 9, 49, 69, 25, 27, 61, 32
66, 5, 70, 9, 49, 19, 22, 27, 61, 59
1, 66, 67, 4, 11, 7, 9, 27, 61, 32
4, 5, 7, 9, 18, 20, 57, 25, 61, 34
66, 4, 5, 18, 51, 20, 25, 26, 61, 32
4, 5, 14, 18, 19, 54, 25, 27, 61, 2
66, 4, 5, 18, 51, 20, 25, 26, 61, 32
4, 5, 70, 7, 9, 18, 20, 25, 27, 61
67, 4, 5, 7, 9, 46, 54, 25, 61, 32
4, 69, 15, 17, 18, 19, 54, 27, 61, 9
65, 34, 5, 9, 19, 20, 70, 24, 61, 32
1, 66, 67, 4, 38, 9, 27, 61, 32, 25
34, 4, 5, 53, 9, 41, 54, 25, 27, 32
33, 4, 5, 9, 18, 52, 61, 62, 32, 22
34, 4, 7, 44, 18, 25, 26, 61, 32, 51
4, 37, 7, 9, 15, 18, 20, 54, 61, 32
4, 5, 46, 18, 19, 56, 25, 27, 31, 66
4, 5, 40, 9, 57, 19, 21, 25, 61, 32
1, 4, 9, 18, 19, 20, 21, 25, 61, 30
3, 4, 5, 42, 16, 19, 20, 21, 25, 32
1, 4, 5, 6, 42, 14, 19, 25, 27, 60
4, 5, 9, 19, 57, 27, 61, 32, 25, 40
3, 4, 5, 9, 50, 19, 20, 27, 61, 32
3, 4, 5, 9, 12, 19, 54, 57, 27, 31
3, 4, 5, 9, 49, 19, 21, 54, 27, 29
33, 4, 5, 9, 44, 13, 19, 69, 27, 60
1, 4, 5, 9, 42, 18, 51, 20, 54, 32
1, 2, 4, 5, 9, 14, 19, 27, 61, 30
3, 4, 69, 6, 8, 9, 19, 61, 32, 5
1, 4, 68, 5, 7, 48, 19, 20, 25, 60
1, 4, 5, 12, 51, 50, 19, 25, 27, 61
3, 4, 9, 49, 19, 20, 55, 25, 28, 10
4, 5, 9, 45, 49, 19, 21, 54, 27, 28
4, 5, 9, 15, 21, 25, 27, 28, 29, 2
3, 4, 5, 6, 9, 53, 25, 27, 28, 32
1, 3, 68, 9, 49, 57, 51, 25, 27, 28
33, 10, 5, 51, 18, 19, 27, 29, 32, 49
1, 66, 4, 5, 38, 9, 41, 19, 25, 61
1, 4, 5, 9, 61, 15, 19, 25, 44, 32
1, 4, 5, 9, 42, 19, 21, 25, 59, 32
1, 4, 5, 9, 14, 18, 19, 21, 23, 25
1, 4, 5, 9, 19, 20, 21, 25, 61, 66
1, 4, 5, 9, 19, 21, 22, 25, 61, 17
3, 4, 5, 14, 18, 19, 25, 59, 29, 9
3, 4, 5, 9, 14, 18, 19, 25, 59, 29
1, 4, 5, 9, 42, 41, 19, 22, 24, 32
1, 66, 4, 5, 9, 41, 19, 21, 23, 61
1, 4, 5, 9, 42, 14, 18, 19, 56, 25
1, 4, 5, 7, 11, 18, 19, 54, 23, 61
1, 66, 36, 5, 9, 15, 48, 18, 19, 32
33, 67, 4, 5, 42, 48, 18, 19, 23, 32
1, 4, 5, 44, 51, 19, 56, 25, 59, 60
1, 66, 4, 5, 9, 14, 18, 19, 25, 61
3, 4, 5, 39, 8, 19, 54, 25, 29, 9
1, 4, 5, 7, 11, 48, 19, 21, 70, 44
1, 4, 5, 8, 9, 14, 19, 25, 31, 32
33, 3, 4, 5, 45, 44, 19, 22, 25, 32
3, 4, 9, 44, 15, 41, 23, 25, 61, 32
66, 3, 4, 9, 14, 23, 25, 61, 32, 15
33, 66, 3, 4, 9, 14, 21, 27, 61, 32
3, 4, 38, 9, 15, 23, 25, 27, 61, 32
4, 9, 14, 15, 17, 25, 27, 61, 31, 32
3, 4, 39, 9, 44, 67, 15, 23, 27, 32
3, 4, 18, 9, 15, 41, 20, 21, 27, 32
3, 4, 9, 14, 15, 41, 27, 64, 61, 32
33, 4, 9, 15, 21, 23, 25, 32, 61, 64
3, 4, 9, 14, 50, 25, 32, 61, 64, 31
3, 4, 9, 14, 15, 21, 47, 61, 64, 32
3, 36, 9, 14, 41, 4, 25, 61, 32, 33
33, 4, 9, 15, 21, 23, 25, 32, 63, 64
33, 4, 9, 15, 20, 21, 23, 32, 61, 64
66, 4, 70, 9, 14, 23, 25, 61, 48, 3
3, 36, 9, 14, 15, 41, 25, 61, 38, 32
3, 4, 9, 14, 15, 16, 52, 57, 27, 61
3, 4, 9, 14, 15, 21, 47, 61, 32, 11
3, 4, 9, 44, 15, 21, 23, 61, 32, 13
3, 4, 9, 14, 17, 21, 25, 27, 61, 32
1, 4, 5, 9, 12, 19, 21, 25, 58, 63
1, 3, 4, 5, 9, 16, 21, 22, 58, 61
1, 4, 5, 12, 19, 53, 22, 25, 58, 32
1, 4, 5, 12, 19, 20, 22, 58, 61, 32
1, 38, 4, 5, 44, 49, 18, 19, 25, 58
1, 4, 9, 12, 19, 53, 54, 23, 32, 26
4, 5, 44, 18, 19, 53, 25, 61, 32, 58
66, 3, 5, 9, 12, 18, 19, 25, 58, 1
1, 3, 5, 9, 48, 57, 58, 59, 61, 4
1, 4, 5, 9, 48, 18, 19, 22, 25, 58
1, 30, 4, 5, 44, 18, 19, 22, 25, 58
1, 4, 5, 12, 19, 53, 22, 23, 25, 32
1, 3, 5, 9, 12, 19, 61, 63, 32, 25
3, 4, 5, 48, 19, 20, 25, 58, 32, 12
1, 5, 6, 40, 9, 12, 22, 57, 60, 58
1, 4, 5, 9, 48, 19, 54, 58, 30, 32
1, 4, 5, 40, 9, 19, 54, 23, 60, 22
1, 3, 69, 9, 44, 19, 20, 61, 32, 58
1, 4, 5, 9, 49, 19, 54, 24, 58, 61
1, 3, 4, 5, 44, 18, 19, 25, 32, 49
26, 16, 4, 9, 11, 46, 56, 27, 61, 12
65, 3, 9, 46, 56, 27, 32, 61, 64, 13
2, 3, 4, 9, 11, 46, 25, 27, 21, 61
3, 5, 38, 9, 11, 15, 27, 20, 41, 62
3, 68, 37, 9, 43, 45, 25, 27, 61, 32
2, 3, 4, 37, 48, 25, 26, 64, 61, 32
2, 3, 5, 40, 9, 12, 56, 27, 61, 32
2, 3, 37, 41, 14, 9, 20, 27, 61, 32
2, 3, 38, 40, 9, 25, 57, 27, 64, 32
3, 68, 37, 30, 43, 25, 27, 64, 61, 32
34, 3, 37, 11, 13, 25, 27, 64, 32, 9
2, 3, 5, 9, 16, 21, 61, 32, 64, 13
3, 68, 9, 12, 25, 27, 64, 61, 32, 13
3, 70, 9, 11, 52, 25, 32, 61, 62, 64
65, 3, 4, 9, 11, 20, 25, 27, 60, 63
65, 3, 9, 11, 46, 27, 66, 61, 32, 28
39, 9, 11, 3, 41, 25, 57, 64, 61, 24
2, 3, 37, 13, 56, 25, 26, 27, 32, 9
2, 3, 37, 9, 12, 48, 25, 27, 61, 32
2, 3, 9, 46, 56, 26, 27, 32, 61, 25
3, 37, 9, 43, 14, 17, 27, 61, 32, 63
3, 5, 9, 18, 21, 41, 37, 27, 61, 32
3, 4, 5, 15, 18, 21, 22, 27, 28, 32
66, 3, 4, 9, 49, 21, 22, 27, 28, 14
4, 31, 9, 15, 16, 17, 21, 27, 61, 32
3, 5, 7, 9, 18, 21, 61, 4, 28, 43
3, 68, 37, 9, 15, 4, 27, 28, 61, 32
3, 4, 9, 15, 50, 68, 27, 61, 32, 21
66, 5, 9, 43, 17, 50, 21, 27, 32, 3
3, 4, 37, 9, 16, 53, 22, 27, 61, 32
66, 3, 4, 5, 9, 18, 21, 22, 56, 32
3, 4, 5, 9, 48, 18, 21, 61, 32, 66
3, 5, 1, 9, 43, 18, 27, 61, 32, 28
3, 68, 5, 9, 18, 36, 21, 27, 61, 32
20, 3, 68, 9, 6, 4, 26, 27, 61, 32
1, 4, 38, 9, 16, 21, 22, 32, 61, 70
3, 5, 7, 9, 45, 18, 26, 27, 32, 41
3, 68, 40, 9, 15, 4, 27, 32, 50, 61
3, 4, 7, 40, 9, 67, 21, 22, 32, 54
3, 68, 5, 9, 15, 4, 27, 61, 32, 55
4, 5, 39, 9, 15, 51, 54, 25, 36, 19
3, 4, 5, 9, 46, 16, 19, 21, 25, 32
4, 5, 9, 48, 19, 54, 24, 58, 62, 11
66, 4, 5, 9, 15, 21, 54, 59, 27, 32
4, 5, 39, 9, 15, 19, 21, 54, 62, 64
6, 4, 5, 9, 15, 21, 22, 20, 35, 32
3, 4, 5, 39, 9, 10, 19, 21, 25, 32
3, 68, 5, 9, 48, 21, 54, 36, 32, 58
34, 4, 5, 9, 42, 21, 54, 25, 62, 27
3, 4, 5, 9, 20, 54, 25, 27, 29, 32
4, 5, 9, 16, 18, 19, 56, 58, 27, 54
3, 4, 5, 9, 41, 54, 25, 27, 62, 32
4, 5, 9, 14, 16, 18, 19, 56, 58, 27
3, 4, 5, 39, 9, 18, 19, 20, 29, 32
3, 4, 5, 9, 41, 58, 27, 61, 62, 32
3, 70, 9, 13, 45, 15, 22, 58, 27, 32
47, 4, 5, 9, 15, 52, 21, 25, 27, 59
67, 4, 5, 9, 18, 19, 54, 61, 62, 32
3, 4, 5, 9, 41, 21, 27, 61, 62, 32
4, 5, 9, 48, 18, 19, 54, 58, 27, 62
53, 36, 9, 19, 4, 25, 27, 61, 63, 32
3, 4, 9, 19, 20, 25, 27, 61, 32, 43
3, 4, 9, 51, 19, 20, 25, 27, 61, 32
3, 4, 9, 19, 20, 25, 27, 61, 32, 29
3, 4, 9, 42, 46, 19, 20, 25, 61, 32
3, 4, 7, 9, 19, 25, 27, 61, 63, 32
3, 7, 9, 46, 20, 25, 27, 61, 32, 19
3, 4, 39, 9, 19, 20, 25, 27, 61, 32
4, 9, 43, 12, 19, 20, 25, 27, 61, 32
3, 4, 9, 16, 53, 25, 27, 61, 32, 20
4, 9, 46, 49, 18, 19, 66, 25, 61, 32
3, 4, 7, 19, 20, 25, 27, 29, 32, 36
3, 4, 9, 42, 20, 57, 26, 27, 61, 32
3, 4, 9, 20, 54, 55, 25, 27, 28, 32
36, 3, 4, 9, 19, 20, 25, 27, 61, 63
3, 68, 40, 9, 19, 4, 25, 58, 32, 23
3, 4, 9, 68, 46, 19, 20, 25, 58, 32
68, 4, 39, 46, 19, 20, 69, 27, 28, 61
3, 4, 40, 9, 20, 55, 25, 30, 32, 27
3, 4, 9, 46, 48, 19, 20, 27, 16, 32
2, 5, 70, 9, 44, 19, 25, 27, 61, 32
65, 33, 70, 48, 50, 54, 56, 25, 27, 38
33, 70, 40, 9, 13, 15, 27, 63, 32, 20
65, 70, 42, 15, 55, 56, 25, 27, 38, 54
33, 65, 70, 9, 43, 15, 25, 27, 61, 32
65, 70, 9, 42, 44, 52, 57, 27, 32, 61
70, 8, 9, 42, 44, 20, 25, 27, 61, 32
33, 2, 70, 48, 50, 19, 54, 56, 25, 32
2, 5, 70, 9, 42, 44, 27, 61, 64, 57
33, 37, 70, 9, 14, 48, 56, 25, 63, 64
65, 2, 5, 70, 9, 42, 54, 57, 61, 32
33, 70, 9, 44, 15, 50, 53, 25, 27, 32
33, 66, 5, 9, 42, 48, 59, 63, 32, 70
2, 5, 70, 9, 44, 19, 20, 25, 27, 32
33, 2, 5, 9, 42, 54, 25, 27, 64, 32
70, 8, 9, 40, 67, 58, 32, 54, 52, 61
65, 6, 9, 42, 41, 25, 27, 32, 61, 70
33, 66, 38, 9, 6, 55, 25, 58, 63, 32
33, 2, 70, 14, 15, 19, 25, 27, 61, 65
2, 7, 9, 14, 48, 56, 25, 61, 63, 44
3, 4, 5, 9, 45, 21, 58, 61, 30, 32
3, 4, 5, 40, 9, 49, 22, 25, 62, 32
1, 4, 38, 9, 11, 19, 21, 63, 32, 5
3, 4, 5, 7, 45, 21, 58, 61, 30, 32
4, 5, 7, 9, 47, 21, 41, 58, 63, 32
33, 4, 5, 39, 40, 45, 19, 55, 28, 61
3, 4, 5, 9, 14, 58, 61, 30, 32, 53
3, 4, 5, 9, 11, 15, 19, 47, 63, 32
3, 4, 5, 40, 9, 41, 19, 61, 30, 32
3, 4, 5, 45, 21, 54, 58, 59, 61, 32
2, 3, 4, 5, 9, 49, 25, 61, 32, 62
3, 4, 5, 40, 9, 19, 26, 68, 69, 32
33, 3, 4, 5, 40, 9, 19, 53, 37, 32
33, 4, 5, 14, 19, 41, 61, 32, 9, 58
3, 4, 5, 7, 9, 37, 59, 61, 30, 32
3, 4, 5, 40, 9, 19, 53, 55, 32, 49
3, 4, 5, 9, 14, 67, 53, 61, 62, 19
3, 4, 5, 9, 15, 51, 53, 25, 37, 32
3, 4, 5, 40, 9, 11, 19, 21, 30, 32
3, 4, 5, 40, 67, 19, 57, 43, 32, 2
1, 4, 38, 16, 18, 19, 22, 25, 27, 32
1, 4, 5, 14, 16, 19, 20, 22, 25, 61
1, 4, 5, 9, 18, 19, 22, 23, 63, 32
4, 5, 38, 40, 9, 18, 19, 61, 32, 25
1, 4, 5, 38, 19, 17, 18, 51, 25, 60
1, 4, 5, 40, 51, 16, 19, 55, 30, 32
1, 4, 5, 6, 9, 16, 20, 22, 25, 61
65, 1, 67, 4, 5, 14, 18, 19, 55, 32
4, 35, 36, 5, 40, 19, 20, 22, 25, 32
65, 4, 38, 40, 9, 20, 25, 27, 60, 62
27, 66, 4, 5, 46, 19, 20, 61, 32, 9
4, 5, 38, 18, 19, 25, 60, 30, 7, 20
4, 5, 14, 50, 19, 25, 69, 61, 32, 20
1, 4, 5, 70, 16, 18, 19, 69, 59, 30
4, 5, 14, 17, 19, 20, 23, 56, 61, 32
4, 35, 36, 5, 40, 19, 20, 25, 61, 32
1, 5, 6, 45, 16, 50, 19, 20, 25, 32
4, 5, 40, 18, 19, 20, 56, 57, 32, 25
1, 4, 5, 36, 16, 18, 19, 59, 32, 51
20, 36, 5, 17, 19, 4, 22, 23, 61, 48
3, 4, 5, 9, 43, 15, 22, 23, 62, 32
3, 4, 5, 39, 14, 15, 20, 62, 32, 25
1, 4, 5, 9, 19, 36, 25, 27, 30, 39
2, 4, 5, 9, 14, 15, 19, 58, 27, 32
3, 4, 70, 9, 15, 19, 57, 27, 62, 18
3, 4, 5, 9, 15, 22, 25, 27, 32, 39
2, 4, 5, 39, 9, 19, 20, 27, 30, 32
3, 4, 5, 9, 20, 25, 32, 57, 15, 19
3, 4, 9, 43, 15, 19, 20, 27, 62, 32
1, 3, 4, 5, 9, 25, 27, 62, 32, 15
69, 4, 5, 9, 19, 20, 25, 27, 32, 12
1, 4, 5, 9, 19, 20, 22, 25, 59, 32
1, 3, 4, 5, 38, 19, 25, 27, 32, 30
3, 4, 5, 42, 38, 25, 19, 57, 27, 32
22, 45, 4, 5, 9, 12, 19, 25, 27, 30
3, 4, 5, 38, 14, 25, 19, 1, 27, 32
3, 5, 9, 20, 22, 25, 30, 32, 4, 15
3, 4, 5, 9, 17, 25, 24, 57, 51, 32
4, 5, 9, 12, 15, 19, 58, 27, 32, 42
3, 4, 5, 44, 25, 19, 20, 57, 27, 62
33, 4, 9, 48, 18, 19, 20, 61, 32, 5
1, 12, 3, 9, 48, 50, 25, 58, 61, 32
33, 3, 4, 5, 9, 25, 41, 27, 61, 19
33, 3, 68, 9, 13, 25, 27, 61, 31, 58
1, 2, 29, 18, 20, 25, 58, 27, 61, 32
33, 66, 9, 48, 20, 25, 53, 27, 61, 32
1, 3, 7, 9, 50, 58, 27, 61, 62, 32
33, 3, 9, 12, 13, 50, 25, 27, 61, 32
33, 50, 9, 17, 19, 20, 55, 25, 27, 61
3, 4, 40, 9, 12, 35, 20, 25, 27, 32
33, 3, 9, 13, 35, 25, 58, 27, 61, 67
3, 19, 9, 48, 20, 25, 58, 27, 61, 32
33, 9, 13, 48, 20, 25, 27, 61, 32, 50
33, 3, 5, 9, 20, 25, 58, 27, 61, 32
20, 66, 4, 51, 68, 25, 58, 27, 61, 64
65, 3, 39, 9, 20, 55, 58, 61, 32, 29
65, 3, 39, 9, 58, 27, 64, 61, 31, 32
66, 35, 38, 48, 50, 20, 25, 58, 27, 61
1, 3, 9, 13, 50, 25, 58, 27, 61, 32
1, 3, 6, 9, 50, 58, 27, 61, 62, 32
1, 65, 4, 5, 9, 17, 21, 55, 27, 32
1, 4, 5, 70, 9, 52, 21, 55, 34, 32
1, 33, 4, 5, 70, 9, 13, 27, 61, 32
1, 3, 4, 5, 9, 54, 57, 58, 62, 32
65, 3, 4, 38, 9, 19, 52, 25, 27, 30
1, 4, 5, 38, 39, 9, 24, 25, 26, 70
1, 4, 5, 38, 9, 17, 21, 66, 61, 32
1, 4, 5, 38, 9, 17, 21, 55, 57, 32
1, 4, 38, 15, 17, 50, 57, 25, 27, 61
1, 3, 5, 70, 9, 43, 58, 27, 61, 32
1, 4, 5, 38, 9, 24, 25, 61, 32, 20
1, 36, 4, 70, 9, 17, 19, 29, 25, 5
1, 4, 70, 17, 19, 52, 21, 55, 57, 32
1, 4, 5, 70, 42, 43, 21, 55, 26, 38
1, 3, 4, 5, 9, 60, 19, 26, 36, 61
1, 4, 70, 17, 19, 52, 21, 55, 57, 32
1, 4, 5, 70, 9, 17, 20, 58, 61, 32
1, 3, 4, 9, 19, 21, 57, 27, 61, 32
1, 4, 5, 9, 19, 20, 21, 24, 27, 32
1, 3, 5, 70, 9, 26, 27, 61, 32, 4
1, 68, 11, 42, 44, 20, 54, 25, 61, 32
1, 68, 5, 53, 42, 44, 19, 25, 27, 32
66, 68, 52, 60, 44, 58, 27, 29, 32, 61
66, 68, 37, 29, 42, 44, 15, 25, 61, 32
68, 37, 42, 44, 51, 53, 25, 27, 61, 32
68, 37, 40, 42, 44, 18, 25, 5, 27, 61
68, 5, 41, 42, 44, 15, 37, 27, 49, 51
35, 68, 37, 42, 44, 51, 54, 25, 61, 27
68, 37, 42, 44, 54, 27, 61, 30, 5, 34
68, 37, 42, 44, 15, 55, 25, 58, 32, 61
68, 37, 42, 44, 15, 25, 5, 27, 64, 51
65, 34, 37, 25, 41, 42, 44, 58, 27, 32
35, 68, 5, 41, 42, 44, 54, 58, 61, 37
68, 37, 42, 34, 44, 55, 25, 27, 61, 30
65, 34, 68, 42, 44, 14, 27, 61, 30, 37
65, 68, 5, 41, 42, 44, 37, 27, 61, 30
68, 5, 7, 42, 44, 19, 25, 32, 34, 61
66, 68, 37, 38, 42, 44, 29, 25, 61, 32
65, 68, 37, 42, 44, 45, 27, 63, 28, 67
65, 68, 5, 7, 41, 44, 25, 38, 27, 32
1, 4, 9, 49, 18, 19, 21, 27, 30, 5
1, 34, 4, 5, 9, 18, 19, 21, 54, 27
1, 4, 5, 9, 48, 18, 19, 21, 58, 26
4, 5, 42, 17, 46, 19, 21, 25, 26, 27
1, 4, 5, 30, 18, 19, 56, 25, 28, 62
1, 5, 9, 49, 18, 19, 58, 27, 63, 32
1, 34, 4, 5, 9, 19, 23, 25, 59, 27
1, 4, 5, 45, 17, 19, 21, 25, 26, 30
3, 4, 5, 9, 11, 21, 23, 27, 62, 25
3, 4, 5, 9, 19, 21, 23, 25, 27, 30
4, 5, 9, 10, 45, 48, 46, 27, 61, 21
1, 4, 5, 70, 25, 48, 18, 19, 21, 58
1, 4, 5, 7, 9, 19, 21, 23, 26, 27
1, 4, 5, 8, 48, 18, 19, 21, 25, 27
1, 4, 5, 38, 17, 18, 19, 21, 25, 26
1, 4, 5, 9, 10, 18, 58, 25, 26, 17
3, 4, 5, 9, 48, 19, 21, 25, 27, 30
34, 4, 5, 9, 42, 48, 19, 25, 59, 27
1, 4, 5, 17, 18, 19, 21, 26, 28, 30
1, 4, 5, 48, 19, 56, 25, 28, 62, 18
66, 3, 36, 9, 14, 15, 16, 22, 58, 20
3, 4, 5, 9, 14, 15, 20, 54, 61, 32
3, 36, 46, 14, 15, 20, 22, 61, 32, 4
67, 4, 5, 6, 9, 45, 46, 15, 36, 54
3, 4, 5, 6, 50, 20, 55, 61, 32, 9
3, 4, 7, 9, 12, 45, 14, 15, 54, 57
3, 4, 7, 9, 12, 45, 14, 15, 54, 57
66, 3, 5, 9, 13, 15, 20, 61, 32, 44
3, 4, 5, 40, 9, 13, 46, 48, 61, 31
3, 4, 5, 38, 9, 10, 15, 54, 28, 61
3, 4, 1, 9, 18, 54, 37, 61, 32, 15
4, 5, 9, 42, 13, 15, 54, 27, 61, 32
3, 5, 38, 7, 9, 14, 15, 57, 39, 62
4, 5, 9, 42, 14, 15, 20, 54, 61, 50
67, 4, 5, 7, 9, 13, 48, 21, 57, 32
3, 5, 9, 10, 39, 20, 61, 36, 32, 4
3, 4, 5, 38, 9, 35, 20, 54, 28, 61
3, 4, 5, 40, 9, 14, 15, 46, 55, 61
34, 4, 7, 9, 12, 14, 15, 54, 57, 26
3, 4, 5, 38, 9, 43, 33, 54, 27, 61
3, 4, 5, 9, 19, 20, 8, 27, 61, 7
4, 5, 9, 19, 53, 25, 27, 61, 39, 3
4, 5, 9, 12, 19, 53, 23, 57, 27, 32
3, 4, 5, 9, 51, 20, 25, 27, 61, 32
3, 4, 5, 9, 14, 18, 19, 21, 25, 49
3, 4, 5, 9, 51, 20, 23, 25, 61, 32
3, 5, 9, 51, 20, 25, 27, 61, 32, 4
3, 4, 5, 9, 50, 51, 25, 27, 61, 32
3, 4, 5, 9, 18, 19, 25, 23, 61, 32
65, 66, 3, 5, 39, 9, 20, 21, 27, 32
4, 5, 9, 20, 53, 25, 21, 27, 61, 32
3, 5, 7, 9, 17, 19, 23, 58, 61, 32
3, 4, 5, 9, 51, 20, 25, 27, 66, 32
3, 4, 9, 12, 18, 20, 23, 58, 32, 2
3, 4, 5, 9, 12, 49, 51, 23, 27, 64
4, 5, 9, 51, 20, 53, 25, 27, 61, 31
3, 4, 5, 9, 61, 48, 20, 58, 27, 29
3, 4, 5, 9, 49, 18, 45, 27, 32, 61
3, 4, 5, 17, 19, 20, 27, 61, 64, 40
3, 4, 5, 9, 19, 51, 27, 61, 32, 57
3, 68, 5, 9, 25, 19, 23, 57, 61, 27
1, 4, 5, 9, 17, 19, 20, 23, 61, 32
1, 4, 5, 9, 14, 46, 19, 61, 30, 32
1, 4, 5, 9, 46, 19, 20, 23, 25, 32
1, 4, 5, 9, 19, 20, 63, 27, 61, 32
1, 3, 4, 9, 49, 19, 23, 57, 28, 32
1, 2, 4, 5, 9, 14, 19, 26, 63, 32
1, 4, 5, 38, 9, 19, 27, 30, 3, 36
3, 4, 5, 9, 14, 19, 20, 61, 32, 25
1, 4, 5, 9, 30, 23, 61, 62, 32, 68
1, 4, 5, 39, 9, 19, 36, 25, 28, 32
1, 4, 5, 39, 40, 19, 20, 27, 61, 32
1, 3, 4, 9, 41, 19, 20, 27, 61, 32
1, 4, 5, 9, 48, 19, 26, 17, 32, 20
1, 4, 9, 19, 52, 21, 27, 61, 32, 59
3, 4, 9, 21, 25, 61, 63, 32, 36, 5
1, 4, 5, 9, 46, 27, 61, 63, 32, 20
1, 3, 4, 9, 19, 20, 23, 27, 61, 32
4, 5, 41, 48, 19, 68, 21, 23, 27, 49
3, 36, 5, 9, 50, 19, 27, 61, 62, 32
1, 4, 5, 9, 15, 50, 51, 62, 19, 26
1, 3, 4, 37, 41, 11, 19, 5, 27, 32
67, 4, 5, 9, 44, 19, 25, 27, 61, 1
1, 67, 4, 5, 38, 9, 15, 20, 25, 27
1, 3, 5, 9, 17, 19, 53, 27, 30, 32
1, 66, 4, 5, 9, 45, 19, 25, 61, 32
1, 4, 5, 9, 19, 50, 51, 52, 64, 7
58, 3, 4, 5, 9, 14, 19, 59, 27, 63
1, 34, 4, 21, 66, 9, 13, 20, 59, 62
1, 3, 5, 38, 9, 16, 50, 19, 27, 30
1, 3, 4, 5, 9, 14, 19, 25, 27, 63
1, 3, 4, 50, 19, 53, 25, 59, 61, 32
1, 66, 3, 4, 5, 9, 13, 26, 41, 36
1, 67, 4, 5, 10, 50, 19, 27, 30, 32
1, 3, 4, 5, 38, 9, 14, 20, 25, 27
1, 4, 5, 14, 15, 19, 52, 25, 27, 39
1, 34, 3, 4, 5, 9, 13, 20, 59, 30
1, 3, 4, 9, 14, 19, 25, 27, 32, 20
1, 3, 4, 37, 14, 62, 54, 5, 27, 30
1, 3, 4, 5, 9, 67, 19, 20, 37, 30
4, 5, 9, 15, 17, 21, 69, 61, 63, 32
1, 35, 4, 5, 15, 17, 21, 54, 27, 61
3, 5, 9, 14, 15, 21, 22, 57, 61, 41
3, 4, 5, 15, 21, 55, 25, 37, 27, 61
1, 67, 5, 70, 9, 48, 21, 54, 25, 32
1, 35, 4, 9, 19, 54, 27, 63, 32, 25
66, 3, 63, 5, 9, 15, 25, 28, 61, 32
35, 4, 9, 19, 54, 25, 59, 61, 63, 32
4, 5, 15, 21, 23, 25, 59, 32, 3, 1
3, 4, 5, 9, 14, 21, 25, 37, 27, 61
1, 67, 5, 9, 52, 21, 25, 37, 61, 32
3, 4, 9, 46, 14, 19, 52, 21, 27, 32
35, 4, 9, 17, 19, 21, 54, 61, 32, 15
3, 5, 9, 14, 15, 21, 25, 37, 61, 32
3, 4, 5, 9, 70, 50, 35, 61, 32, 49
1, 35, 4, 5, 9, 17, 21, 54, 27, 32
1, 4, 5, 59, 9, 41, 20, 25, 61, 32
1, 4, 9, 43, 12, 15, 48, 21, 61, 32
35, 4, 5, 9, 12, 17, 54, 27, 61, 32
1, 3, 5, 9, 46, 55, 24, 25, 58, 27
1, 4, 5, 9, 15, 19, 54, 25, 58, 27
1, 4, 5, 39, 9, 18, 20, 23, 27, 29
1, 65, 4, 5, 39, 15, 20, 21, 27, 28
65, 3, 5, 6, 17, 19, 20, 21, 22, 25
1, 3, 4, 69, 15, 21, 23, 58, 27, 61
1, 4, 5, 9, 19, 21, 25, 27, 61, 3
1, 4, 5, 9, 43, 19, 20, 25, 27, 61
1, 3, 4, 9, 15, 19, 20, 64, 25, 31
1, 4, 5, 9, 14, 15, 19, 20, 21, 61
3, 4, 5, 39, 67, 15, 19, 20, 21, 27
3, 4, 5, 6, 15, 17, 21, 25, 58, 27
1, 4, 5, 9, 14, 15, 21, 25, 27, 61
1, 4, 5, 9, 22, 15, 21, 25, 42, 61
1, 3, 5, 9, 15, 19, 21, 25, 27, 61
65, 3, 4, 5, 9, 19, 20, 21, 22, 56
3, 4, 37, 9, 20, 21, 23, 25, 27, 61
4, 5, 9, 15, 59, 25, 58, 27, 61, 3
1, 4, 5, 17, 15, 19, 20, 21, 58, 9
3, 4, 37, 70, 9, 25, 58, 27, 31, 28
35, 4, 5, 70, 15, 20, 21, 58, 27, 61
36, 3, 4, 5, 39, 9, 18, 19, 52, 14
1, 67, 4, 5, 9, 12, 15, 19, 25, 69
1, 33, 4, 5, 9, 12, 16, 21, 22, 27
1, 4, 5, 12, 15, 19, 52, 21, 22, 23
1, 4, 5, 9, 13, 51, 19, 21, 25, 27
1, 4, 5, 9, 44, 19, 20, 22, 23, 57
1, 4, 5, 12, 45, 15, 48, 51, 55, 57
1, 4, 5, 9, 47, 19, 52, 21, 22, 23
1, 33, 5, 9, 19, 52, 21, 22, 44, 25
1, 3, 4, 5, 9, 12, 19, 21, 22, 25
1, 4, 5, 7, 48, 19, 21, 22, 23, 27
1, 4, 5, 9, 44, 14, 19, 21, 22, 23
1, 4, 9, 51, 15, 19, 21, 22, 23, 25
1, 67, 4, 5, 9, 14, 19, 20, 23, 27
1, 4, 5, 6, 9, 12, 15, 19, 25, 69
1, 4, 5, 13, 15, 21, 47, 27, 62, 14
1, 33, 4, 9, 44, 19, 57, 27, 30, 25
1, 4, 5, 9, 15, 48, 51, 22, 27, 23
1, 4, 5, 14, 10, 15, 19, 21, 23, 25
1, 4, 5, 40, 14, 19, 52, 57, 27, 63
4, 5, 9, 13, 15, 19, 23, 61, 32, 18
66, 4, 40, 9, 19, 20, 27, 61, 31, 50
3, 4, 5, 9, 43, 49, 19, 2, 32, 31
3, 4, 40, 9, 18, 25, 61, 32, 15, 5
3, 4, 40, 9, 15, 19, 20, 31, 32, 50
3, 4, 5, 9, 45, 54, 36, 25, 61, 32
3, 4, 5, 9, 49, 50, 20, 54, 32, 11
3, 4, 5, 9, 11, 27, 61, 31, 32, 49
3, 4, 7, 9, 15, 20, 27, 61, 31, 32
4, 5, 18, 11, 12, 50, 19, 23, 61, 35
2, 3, 9, 42, 20, 21, 27, 61, 32, 4
3, 4, 5, 9, 17, 50, 19, 23, 61, 32
3, 4, 69, 7, 9, 43, 19, 20, 53, 31
33, 4, 24, 9, 15, 21, 27, 61, 31, 32
3, 35, 5, 40, 9, 45, 50, 54, 31, 32
3, 4, 7, 18, 9, 11, 50, 20, 58, 61
3, 4, 5, 7, 9, 17, 19, 20, 61, 32
3, 4, 28, 9, 11, 19, 20, 54, 61, 32
3, 4, 69, 42, 18, 19, 20, 61, 32, 49
33, 4, 5, 9, 10, 15, 19, 20, 23, 61
36, 3, 4, 5, 9, 48, 19, 20, 27, 16
3, 4, 5, 9, 48, 19, 20, 54, 23, 61
33, 4, 5, 39, 18, 19, 20, 9, 61, 50
3, 4, 5, 9, 13, 19, 20, 21, 42, 27
3, 4, 5, 9, 18, 19, 20, 23, 61, 32
3, 4, 5, 9, 13, 49, 18, 20, 27, 61
3, 4, 5, 9, 13, 48, 20, 58, 61, 32
3, 4, 5, 39, 9, 14, 20, 57, 61, 32
3, 4, 5, 39, 9, 11, 14, 50, 32, 57
3, 4, 5, 39, 9, 20, 23, 57, 61, 32
66, 3, 4, 9, 14, 48, 16, 57, 61, 32
3, 4, 5, 39, 9, 11, 54, 59, 28, 27
3, 36, 5, 39, 9, 18, 19, 21, 32, 38
3, 4, 5, 39, 12, 48, 58, 27, 61, 32
3, 4, 5, 9, 48, 49, 20, 57, 61, 32
3, 36, 5, 6, 9, 11, 14, 4, 61, 32
3, 4, 38, 9, 48, 19, 20, 58, 61, 32
33, 3, 4, 5, 9, 13, 39, 16, 20, 61
3, 68, 5, 39, 9, 11, 49, 27, 61, 32
3, 4, 5, 39, 49, 23, 58, 27, 9, 69
3, 4, 5, 39, 40, 9, 42, 12, 13, 32
2, 3, 4, 5, 9, 43, 48, 21, 25, 32
3, 4, 5, 9, 12, 20, 63, 25, 27, 31
3, 4, 5, 9, 42, 43, 48, 21, 24, 25
2, 21, 4, 5, 9, 15, 25, 58, 62, 64
4, 5, 14, 15, 22, 24, 25, 59, 27, 32
3, 4, 5, 9, 42, 35, 21, 24, 25, 32
34, 3, 4, 5, 70, 24, 14, 27, 63, 32
3, 4, 5, 9, 12, 13, 67, 25, 32, 66
3, 4, 5, 38, 9, 13, 15, 57, 27, 32
2, 3, 4, 5, 9, 15, 57, 25, 64, 32
3, 4, 5, 9, 12, 13, 24, 25, 63, 27
3, 4, 5, 6, 9, 12, 25, 37, 27, 32
65, 2, 3, 4, 67, 57, 24, 25, 59, 32
3, 4, 5, 9, 44, 15, 25, 59, 27, 70
66, 3, 5, 38, 9, 48, 21, 25, 32, 58
35, 4, 5, 41, 9, 20, 22, 25, 27, 31
65, 3, 4, 41, 9, 67, 57, 24, 25, 63
34, 3, 4, 9, 12, 55, 25, 59, 32, 42
2, 35, 4, 5, 9, 44, 15, 57, 59, 42
3, 4, 57, 19, 20, 25, 27, 61, 32, 70
3, 70, 40, 42, 43, 22, 57, 27, 61, 32
34, 3, 70, 40, 42, 35, 59, 27, 31, 32
65, 3, 20, 63, 25, 27, 61, 31, 32, 68
66, 35, 37, 11, 25, 57, 27, 61, 63, 32
34, 3, 37, 39, 13, 15, 27, 61, 25, 7
66, 3, 36, 40, 42, 19, 25, 27, 61, 63
66, 3, 14, 15, 19, 27, 61, 30, 63, 4
66, 3, 48, 52, 25, 27, 61, 31, 32, 12
4, 70, 40, 42, 43, 14, 15, 57, 27, 30
67, 4, 68, 3, 57, 19, 20, 25, 62, 31
66, 3, 4, 19, 20, 31, 27, 60, 63, 32
3, 39, 14, 15, 25, 52, 57, 27, 60, 43
65, 3, 4, 70, 35, 52, 21, 22, 25, 27
34, 3, 37, 39, 13, 15, 19, 25, 27, 61
34, 3, 70, 40, 42, 43, 35, 27, 13, 32
33, 43, 4, 70, 42, 45, 48, 19, 25, 27
3, 68, 70, 40, 42, 43, 35, 27, 32, 57
34, 3, 4, 45, 19, 25, 27, 61, 30, 32
3, 68, 37, 41, 24, 25, 5, 61, 32, 4
3, 4, 5, 9, 15, 16, 49, 19, 27, 57
30, 4, 5, 70, 40, 9, 18, 19, 20, 32
1, 3, 4, 5, 9, 19, 25, 61, 32, 12
33, 34, 5, 70, 9, 19, 25, 26, 27, 32
3, 4, 5, 9, 48, 18, 19, 27, 61, 32
3, 4, 5, 38, 45, 15, 18, 19, 61, 32
3, 4, 5, 9, 19, 23, 27, 61, 32, 18
3, 4, 5, 9, 11, 49, 18, 19, 20, 25
3, 4, 5, 70, 9, 51, 18, 19, 20, 32
3, 4, 5, 9, 15, 20, 58, 61, 32, 19
3, 5, 9, 16, 17, 19, 20, 61, 32, 27
3, 4, 5, 9, 15, 20, 25, 59, 32, 30
3, 4, 5, 9, 16, 19, 20, 25, 61, 1
3, 4, 69, 9, 15, 25, 5, 32, 63, 37
3, 4, 70, 9, 11, 12, 19, 20, 25, 5
65, 3, 5, 7, 9, 15, 25, 27, 30, 61
3, 4, 5, 70, 9, 44, 14, 25, 27, 61
3, 4, 5, 9, 11, 19, 20, 25, 32, 35
3, 4, 5, 9, 16, 19, 20, 61, 32, 56
49, 3, 4, 5, 9, 68, 17, 19, 61, 32
34, 3, 4, 7, 66, 42, 27, 61, 30, 32
34, 4, 58, 9, 54, 25, 59, 61, 63, 32
3, 4, 5, 70, 7, 43, 67, 15, 27, 61
3, 36, 5, 70, 43, 15, 4, 54, 27, 61
3, 4, 5, 9, 21, 54, 26, 27, 22, 32
3, 4, 5, 9, 42, 21, 54, 25, 32, 61
3, 4, 70, 9, 42, 21, 61, 30, 32, 27
3, 4, 5, 70, 17, 42, 11, 25, 61, 32
1, 4, 5, 8, 9, 15, 25, 59, 61, 32
3, 4, 9, 54, 27, 61, 30, 32, 21, 5
3, 4, 9, 43, 2, 18, 25, 27, 32, 61
34, 67, 4, 70, 9, 54, 25, 27, 61, 63
3, 4, 5, 43, 15, 25, 59, 61, 27, 32
3, 5, 9, 22, 25, 26, 27, 29, 30, 32
3, 36, 5, 8, 9, 42, 61, 20, 54, 21
3, 4, 5, 70, 9, 43, 18, 27, 61, 32
1, 3, 70, 9, 44, 15, 54, 59, 29, 32
3, 4, 39, 9, 57, 67, 54, 56, 61, 32
3, 5, 70, 9, 42, 15, 21, 25, 58, 61
3, 9, 42, 43, 67, 25, 27, 61, 32, 5
1, 42, 44, 16, 59, 48, 61, 27, 32, 9
1, 4, 8, 9, 44, 18, 25, 27, 61, 32
1, 33, 4, 6, 50, 20, 25, 61, 32, 26
1, 4, 9, 44, 48, 25, 54, 57, 61, 32
1, 20, 8, 9, 19, 52, 27, 61, 32, 28
1, 19, 42, 44, 13, 53, 55, 61, 32, 46
1, 34, 4, 43, 50, 19, 25, 27, 61, 32
39, 7, 9, 13, 19, 20, 25, 58, 27, 61
1, 34, 4, 6, 51, 19, 54, 25, 61, 32
30, 66, 4, 7, 9, 44, 14, 25, 61, 32
65, 4, 9, 13, 14, 24, 27, 61, 32, 44
34, 9, 44, 17, 19, 25, 59, 61, 32, 24
33, 4, 44, 16, 17, 20, 59, 61, 32, 25
67, 4, 29, 19, 20, 54, 25, 61, 32, 8
1, 34, 6, 9, 13, 53, 25, 61, 32, 15
1, 4, 9, 13, 46, 18, 25, 27, 61, 32
65, 4, 9, 44, 13, 16, 24, 27, 61, 32
1, 34, 7, 8, 9, 44, 16, 25, 27, 61
34, 35, 8, 9, 13, 14, 65, 27, 61, 32
35, 4, 38, 9, 44, 13, 20, 61, 30, 32
1, 3, 4, 5, 15, 21, 25, 58, 27, 32
3, 4, 37, 9, 19, 20, 21, 22, 55, 32
1, 4, 5, 9, 48, 18, 19, 55, 25, 32
1, 4, 5, 9, 11, 19, 23, 25, 43, 32
3, 4, 5, 9, 11, 55, 25, 27, 61, 32
3, 4, 5, 9, 15, 19, 22, 58, 59, 32
1, 4, 5, 9, 19, 20, 25, 62, 32, 21
3, 4, 5, 9, 15, 18, 20, 27, 61, 63
1, 4, 5, 9, 28, 19, 21, 25, 27, 62
3, 4, 5, 9, 19, 20, 55, 25, 27, 61
3, 4, 5, 9, 19, 20, 22, 58, 62, 32
1, 3, 4, 5, 9, 43, 19, 25, 58, 32
3, 4, 5, 9, 11, 48, 19, 20, 27, 61
3, 4, 5, 9, 51, 20, 55, 27, 61, 62
3, 4, 5, 6, 9, 18, 19, 20, 55, 46
3, 4, 5, 42, 46, 19, 20, 21, 32, 9
3, 4, 5, 9, 15, 19, 23, 25, 59, 32
3, 4, 5, 70, 9, 15, 21, 22, 57, 61
3, 4, 5, 9, 19, 20, 22, 61, 32, 58
3, 4, 5, 9, 15, 20, 55, 25, 27, 32
1, 4, 5, 9, 12, 18, 19, 37, 27, 28
1, 4, 5, 9, 12, 18, 19, 37, 27, 28
1, 3, 4, 5, 40, 9, 19, 25, 64, 60
1, 4, 5, 40, 9, 46, 19, 25, 21, 64
1, 66, 4, 5, 9, 46, 19, 25, 27, 30
1, 5, 9, 51, 18, 19, 25, 26, 27, 4
1, 4, 5, 40, 9, 19, 20, 37, 60, 64
1, 4, 5, 9, 10, 19, 21, 27, 31, 64
1, 4, 5, 9, 10, 19, 21, 27, 31, 32
1, 4, 5, 9, 18, 19, 21, 56, 26, 28
1, 4, 5, 9, 51, 16, 19, 23, 25, 27
1, 4, 5, 9, 18, 19, 20, 25, 62, 41
1, 27, 5, 9, 15, 41, 51, 63, 26, 28
1, 4, 9, 5, 46, 19, 55, 25, 60, 64
1, 4, 5, 9, 14, 15, 49, 41, 51, 53
1, 4, 5, 9, 11, 47, 53, 19, 55, 29
1, 4, 9, 12, 46, 20, 21, 24, 62, 5
1, 4, 5, 9, 15, 18, 19, 54, 64, 27
1, 33, 4, 5, 9, 19, 20, 21, 26, 53
1, 4, 5, 9, 49, 19, 21, 63, 26, 27
66, 3, 5, 9, 20, 25, 27, 61, 32, 19
4, 5, 14, 19, 56, 25, 27, 32, 15, 41
3, 5, 9, 13, 15, 19, 20, 27, 25, 32
4, 5, 16, 19, 20, 25, 27, 61, 32, 9
66, 35, 4, 38, 11, 44, 15, 19, 61, 32
3, 4, 5, 9, 12, 15, 19, 20, 61, 32
3, 4, 5, 9, 14, 19, 25, 61, 32, 15
66, 35, 4, 40, 9, 15, 25, 27, 61, 32
3, 4, 5, 38, 9, 45, 19, 20, 61, 32
65, 3, 4, 5, 9, 12, 15, 52, 27, 32
3, 4, 40, 9, 12, 13, 20, 25, 58, 32
66, 35, 4, 9, 11, 14, 20, 25, 61, 32
3, 4, 36, 9, 11, 13, 48, 58, 61, 32
4, 5, 38, 41, 46, 9, 45, 22, 27, 32
67, 4, 5, 12, 14, 15, 19, 20, 32, 6
33, 3, 5, 9, 48, 25, 27, 61, 32, 6
4, 5, 40, 9, 20, 55, 27, 32, 61, 64
3, 4, 5, 9, 12, 15, 48, 27, 61, 32
3, 4, 5, 9, 16, 19, 25, 27, 61, 32
3, 4, 5, 9, 43, 15, 20, 27, 61, 32
3, 70, 9, 42, 15, 49, 25, 27, 61, 50
3, 44, 12, 14, 48, 25, 27, 28, 32, 37
3, 9, 42, 44, 67, 18, 20, 61, 30, 32
33, 43, 70, 9, 42, 11, 44, 10, 25, 61
3, 5, 70, 9, 25, 57, 27, 61, 62, 32
3, 4, 7, 9, 14, 18, 53, 22, 25, 32
3, 37, 7, 39, 54, 56, 25, 27, 61, 32
3, 5, 70, 9, 42, 18, 25, 27, 64, 32
3, 37, 70, 42, 44, 54, 56, 25, 61, 32
3, 50, 9, 42, 18, 56, 25, 61, 64, 39
33, 3, 5, 70, 9, 20, 27, 28, 61, 32
3, 68, 9, 42, 12, 52, 25, 27, 61, 32
3, 37, 7, 9, 44, 25, 27, 32, 61, 64
2, 3, 9, 42, 45, 16, 25, 27, 61, 32
33, 3, 37, 70, 9, 42, 57, 61, 32, 26
3, 68, 32, 9, 25, 21, 57, 61, 62, 64
3, 68, 9, 42, 11, 44, 54, 30, 32, 37
3, 70, 39, 9, 50, 20, 25, 28, 61, 64
3, 70, 39, 9, 42, 25, 27, 29, 30, 63
34, 3, 40, 9, 42, 50, 54, 27, 61, 32
4, 5, 9, 44, 19, 20, 49, 32, 3, 42
65, 4, 5, 9, 44, 47, 19, 36, 25, 63
3, 4, 5, 9, 44, 19, 21, 61, 32, 7
3, 4, 5, 9, 42, 19, 22, 61, 32, 18
3, 4, 5, 9, 44, 45, 15, 22, 61, 32
3, 4, 5, 9, 19, 20, 14, 55, 31, 32
67, 36, 5, 3, 51, 4, 25, 61, 31, 32
3, 4, 5, 9, 42, 48, 19, 22, 61, 32
3, 4, 5, 9, 44, 19, 14, 61, 32, 59
65, 3, 4, 5, 9, 44, 67, 36, 32, 64
3, 4, 70, 9, 44, 48, 18, 19, 25, 32
3, 4, 9, 48, 21, 16, 61, 31, 32, 34
34, 3, 5, 70, 39, 35, 49, 25, 61, 32
3, 4, 5, 39, 48, 18, 19, 61, 31, 58
65, 3, 68, 9, 19, 20, 22, 25, 32, 61
34, 4, 70, 15, 48, 50, 21, 57, 63, 32
3, 4, 5, 70, 9, 19, 20, 25, 61, 31
3, 68, 5, 9, 48, 19, 4, 54, 25, 32
3, 4, 41, 42, 44, 46, 35, 20, 36, 32
3, 4, 5, 9, 19, 56, 59, 61, 32, 44
3, 4, 5, 9, 42, 44, 48, 49, 27, 32
1, 4, 5, 70, 9, 42, 51, 57, 27, 30
3, 4, 5, 9, 51, 53, 25, 27, 61, 32
3, 4, 5, 9, 48, 55, 25, 27, 61, 32
3, 56, 5, 38, 9, 15, 54, 25, 27, 32
3, 4, 5, 40, 9, 19, 25, 27, 61, 32
3, 4, 5, 70, 9, 42, 25, 27, 61, 32
42, 4, 5, 9, 48, 49, 24, 27, 32, 3
3, 4, 5, 9, 67, 31, 51, 53, 25, 61
3, 4, 5, 9, 42, 48, 59, 61, 27, 32
3, 4, 5, 9, 44, 49, 55, 27, 32, 42
3, 4, 5, 67, 46, 49, 54, 25, 27, 32
3, 4, 5, 9, 19, 52, 40, 25, 27, 32
3, 4, 5, 9, 42, 25, 27, 61, 32, 55
3, 4, 9, 42, 52, 56, 25, 26, 59, 32
3, 38, 9, 49, 41, 25, 27, 32, 61, 70
3, 4, 5, 9, 44, 48, 49, 27, 32, 41
3, 4, 39, 40, 9, 42, 25, 27, 59, 32
3, 4, 5, 9, 57, 51, 19, 25, 27, 61
3, 4, 5, 39, 51, 21, 25, 27, 61, 32
1, 4, 5, 9, 46, 23, 25, 61, 62, 32
1, 35, 4, 5, 45, 46, 17, 19, 25, 32
4, 5, 9, 44, 46, 53, 21, 64, 61, 37
3, 4, 9, 48, 17, 19, 20, 57, 61, 32
3, 4, 5, 62, 48, 19, 25, 61, 30, 64
3, 4, 5, 9, 17, 18, 19, 20, 61, 62
3, 4, 5, 9, 44, 48, 18, 19, 23, 62
65, 3, 4, 5, 9, 17, 19, 20, 61, 62
3, 4, 5, 9, 19, 20, 21, 22, 23, 61
3, 4, 5, 9, 46, 19, 20, 22, 21, 23
3, 4, 5, 9, 42, 45, 35, 56, 70, 32
3, 4, 5, 9, 44, 30, 20, 25, 61, 62
3, 4, 5, 9, 46, 19, 20, 22, 23, 61
3, 4, 5, 9, 11, 44, 23, 25, 26, 32
3, 4, 5, 9, 44, 19, 53, 25, 61, 62
1, 40, 9, 51, 19, 20, 25, 61, 62, 32
5, 9, 46, 25, 19, 57, 61, 32, 21, 37
3, 4, 5, 9, 44, 30, 25, 61, 62, 20
3, 4, 7, 40, 9, 19, 20, 61, 32, 5
4, 5, 9, 17, 19, 20, 21, 22, 61, 32
3, 70, 9, 6, 15, 41, 25, 61, 11, 27
65, 3, 70, 9, 44, 15, 19, 27, 61, 32
65, 3, 4, 15, 19, 20, 25, 28, 61, 16
2, 3, 4, 41, 15, 9, 19, 28, 61, 32
3, 4, 40, 42, 44, 13, 25, 27, 61, 9
36, 70, 39, 9, 15, 41, 4, 56, 64, 32
70, 9, 21, 54, 44, 57, 61, 30, 32, 18
3, 70, 9, 44, 67, 15, 25, 64, 61, 6
37, 39, 9, 42, 29, 18, 41, 33, 61, 32
34, 67, 70, 9, 44, 15, 25, 32, 61, 6
3, 70, 9, 61, 17, 19, 25, 21, 29, 32
65, 3, 4, 9, 13, 15, 36, 27, 61, 32
34, 3, 9, 43, 15, 50, 25, 27, 29, 31
3, 70, 9, 61, 17, 19, 25, 29, 32, 50
44, 70, 8, 9, 42, 40, 15, 61, 30, 32
65, 3, 4, 41, 15, 9, 19, 36, 61, 32
34, 3, 4, 6, 9, 61, 50, 25, 27, 29
3, 70, 9, 15, 41, 19, 27, 61, 4, 44
65, 3, 4, 68, 9, 17, 19, 27, 61, 32
65, 3, 70, 9, 61, 17, 25, 29, 32, 19
34, 3, 37, 6, 42, 44, 19, 54, 61, 32
33, 34, 3, 19, 42, 44, 20, 25, 27, 32
35, 37, 7, 42, 44, 45, 19, 27, 61, 32
68, 37, 50, 39, 42, 44, 19, 27, 61, 25
33, 68, 37, 38, 39, 42, 44, 27, 61, 32
34, 3, 4, 6, 42, 44, 19, 54, 61, 32
34, 68, 37, 6, 42, 44, 24, 61, 38, 32
34, 68, 37, 44, 3, 55, 25, 27, 61, 32
34, 68, 37, 42, 44, 4, 25, 27, 32, 6
2, 3, 68, 37, 42, 44, 46, 6, 63, 32
34, 68, 37, 6, 42, 44, 19, 54, 61, 32
34, 3, 4, 38, 42, 44, 25, 27, 32, 6
33, 37, 7, 42, 44, 14, 19, 27, 61, 32
33, 37, 7, 42, 44, 14, 19, 52, 61, 32
3, 68, 37, 42, 44, 19, 27, 61, 30, 32
3, 68, 8, 42, 43, 44, 55, 24, 30, 63
2, 68, 6, 42, 44, 25, 27, 70, 32, 61
68, 37, 64, 42, 44, 18, 19, 61, 2, 3
68, 37, 38, 42, 44, 46, 19, 25, 61, 13
33, 37, 7, 42, 44, 52, 10, 25, 61, 32
3, 4, 5, 9, 15, 16, 19, 55, 69, 32
66, 3, 4, 5, 9, 49, 18, 19, 24, 27
3, 4, 5, 6, 9, 15, 19, 58, 27, 61
3, 5, 39, 9, 16, 19, 22, 61, 32, 4
52, 3, 4, 5, 9, 19, 20, 58, 61, 32
3, 4, 38, 9, 15, 20, 58, 27, 61, 32
3, 4, 5, 9, 48, 20, 23, 61, 32, 19
3, 4, 5, 9, 15, 19, 20, 55, 61, 32
3, 4, 5, 9, 15, 19, 61, 62, 32, 31
3, 4, 5, 9, 42, 11, 19, 20, 55, 61
3, 4, 5, 9, 19, 20, 22, 55, 61, 64
1, 3, 4, 5, 9, 44, 55, 25, 61, 32
4, 5, 9, 13, 48, 19, 20, 61, 70, 32
34, 4, 5, 39, 9, 48, 21, 55, 58, 32
3, 4, 5, 9, 49, 19, 20, 22, 55, 61
3, 4, 9, 48, 41, 19, 20, 58, 27, 61
3, 4, 5, 39, 9, 11, 13, 58, 61, 32
34, 4, 5, 9, 15, 20, 13, 61, 32, 19
69, 66, 4, 5, 9, 45, 19, 20, 26, 61
3, 4, 15, 48, 19, 20, 58, 27, 31, 32
43, 4, 5, 38, 9, 19, 56, 25, 61, 32
3, 4, 38, 9, 15, 25, 19, 27, 13, 32
2, 4, 38, 7, 9, 68, 26, 27, 32, 19
33, 3, 4, 38, 9, 25, 58, 27, 63, 32
3, 5, 9, 44, 41, 19, 54, 61, 32, 4
3, 4, 5, 9, 16, 54, 55, 7, 61, 32
3, 4, 5, 38, 9, 56, 25, 32, 61, 70
3, 4, 38, 9, 10, 44, 27, 32, 19, 7
3, 4, 38, 9, 10, 44, 27, 61, 32, 7
66, 3, 4, 5, 9, 19, 54, 56, 57, 32
3, 4, 9, 44, 19, 56, 28, 61, 63, 25
66, 3, 5, 6, 9, 19, 13, 27, 61, 32
3, 4, 38, 51, 9, 14, 56, 58, 61, 32
3, 4, 5, 9, 54, 25, 27, 61, 32, 17
3, 68, 38, 9, 4, 26, 25, 61, 32, 5
3, 4, 5, 38, 9, 25, 35, 61, 32, 19
3, 4, 7, 9, 10, 55, 58, 27, 61, 32
3, 4, 48, 19, 52, 54, 58, 27, 28, 32
3, 4, 5, 9, 31, 16, 54, 25, 58, 63
3, 4, 9, 44, 52, 25, 58, 61, 32, 19
1, 3, 9, 48, 41, 20, 25, 27, 44, 32
2, 3, 9, 48, 57, 25, 27, 61, 32, 69
1, 3, 69, 70, 9, 54, 25, 27, 61, 32
65, 3, 69, 70, 9, 54, 25, 27, 61, 1
2, 3, 9, 43, 41, 53, 57, 25, 27, 61
1, 3, 9, 41, 20, 54, 25, 27, 61, 32
1, 65, 3, 9, 49, 19, 25, 27, 62, 32
33, 65, 3, 9, 48, 49, 25, 27, 63, 32
1, 3, 69, 9, 49, 25, 27, 61, 32, 62
1, 3, 6, 9, 11, 54, 25, 27, 61, 32
65, 3, 16, 17, 50, 52, 27, 61, 63, 32
65, 3, 6, 9, 53, 25, 27, 61, 63, 32
1, 3, 9, 11, 48, 41, 25, 27, 61, 32
2, 12, 9, 48, 41, 53, 25, 27, 61, 32
1, 3, 9, 12, 49, 25, 27, 61, 32, 17
3, 8, 9, 48, 20, 56, 25, 27, 61, 63
1, 3, 69, 9, 48, 53, 25, 27, 61, 64
1, 3, 9, 62, 50, 53, 25, 27, 30, 32
33, 65, 41, 48, 55, 27, 61, 32, 9, 43
33, 65, 3, 70, 9, 49, 25, 27, 61, 32
3, 4, 5, 9, 49, 23, 25, 27, 32, 22
3, 4, 5, 9, 42, 11, 19, 27, 61, 32
3, 4, 5, 42, 18, 19, 52, 62, 32, 29
3, 4, 5, 61, 16, 18, 25, 27, 29, 20
3, 4, 5, 42, 70, 49, 25, 27, 41, 32
3, 4, 5, 9, 49, 19, 27, 61, 41, 16
3, 4, 5, 40, 9, 11, 58, 61, 32, 20
3, 4, 5, 9, 16, 51, 25, 27, 61, 32
1, 52, 3, 5, 40, 9, 20, 58, 61, 32
3, 4, 5, 9, 49, 23, 25, 27, 61, 19
3, 4, 5, 9, 49, 18, 25, 27, 32, 16
3, 4, 5, 38, 9, 16, 23, 25, 27, 32
1, 3, 5, 40, 9, 13, 25, 27, 61, 32
3, 4, 5, 9, 42, 49, 25, 27, 61, 31
1, 4, 5, 9, 11, 19, 51, 20, 27, 32
65, 3, 5, 40, 11, 56, 29, 27, 32, 19
2, 3, 4, 39, 49, 19, 27, 61, 32, 5
3, 4, 5, 9, 49, 23, 25, 27, 32, 61
1, 3, 5, 9, 22, 23, 25, 27, 61, 32
3, 4, 5, 9, 49, 19, 52, 27, 61, 32
65, 66, 36, 42, 25, 27, 61, 63, 32, 15
66, 67, 39, 15, 18, 24, 25, 58, 61, 32
2, 70, 42, 11, 12, 25, 27, 64, 61, 32
66, 3, 44, 14, 15, 53, 25, 27, 61, 32
3, 68, 42, 14, 15, 25, 27, 63, 32, 44
66, 3, 70, 42, 15, 25, 27, 63, 32, 61
66, 3, 70, 42, 14, 15, 25, 27, 63, 32
2, 70, 14, 15, 51, 25, 27, 61, 62, 32
66, 68, 70, 42, 14, 15, 25, 27, 63, 32
2, 3, 70, 43, 17, 50, 52, 27, 61, 32
66, 3, 4, 43, 17, 50, 52, 25, 27, 32
2, 3, 68, 42, 15, 25, 26, 27, 61, 32
66, 36, 69, 70, 14, 15, 25, 27, 61, 32
66, 3, 42, 11, 16, 49, 18, 24, 25, 32
3, 70, 39, 14, 15, 25, 27, 63, 32, 12
2, 3, 69, 70, 15, 25, 27, 61, 32, 66
66, 3, 68, 42, 14, 15, 36, 25, 27, 32
66, 3, 36, 70, 10, 44, 25, 27, 61, 32
66, 35, 70, 44, 22, 58, 59, 61, 27, 32
2, 3, 42, 44, 15, 16, 49, 24, 58, 32
1, 4, 5, 9, 17, 21, 22, 25, 62, 32
1, 4, 5, 9, 44, 17, 22, 25, 37, 15
1, 4, 5, 9, 44, 17, 21, 22, 25, 32
1, 4, 5, 9, 19, 21, 22, 25, 61, 32
4, 5, 7, 15, 9, 21, 23, 25, 27, 32
1, 4, 5, 37, 15, 19, 25, 27, 62, 31
1, 4, 5, 9, 42, 41, 19, 52, 27, 32
1, 4, 5, 9, 42, 17, 18, 21, 22, 25
1, 4, 5, 50, 51, 21, 25, 27, 30, 24
1, 33, 4, 5, 42, 21, 25, 27, 29, 62
34, 5, 9, 44, 20, 22, 25, 30, 1, 19
1, 4, 5, 14, 50, 20, 21, 25, 58, 30
4, 18, 41, 9, 19, 20, 21, 27, 32, 5
1, 4, 9, 19, 21, 23, 61, 63, 32, 65
4, 5, 9, 42, 49, 19, 27, 61, 32, 20
33, 4, 5, 9, 19, 20, 21, 25, 27, 63
4, 5, 42, 2, 19, 20, 25, 37, 43, 21
65, 4, 5, 9, 42, 19, 52, 56, 27, 20
1, 4, 5, 46, 17, 19, 45, 23, 37, 32
1, 4, 5, 9, 21, 22, 25, 61, 30, 20
1, 4, 5, 9, 11, 18, 19, 59, 61, 32
65, 3, 4, 5, 9, 15, 23, 27, 61, 32
65, 4, 5, 9, 16, 19, 20, 59, 61, 32
3, 4, 5, 39, 11, 48, 19, 23, 57, 32
3, 4, 5, 9, 11, 48, 19, 20, 32, 37
65, 1, 4, 5, 9, 48, 50, 19, 32, 18
3, 4, 5, 9, 11, 15, 50, 20, 25, 62
3, 4, 5, 9, 11, 48, 19, 37, 61, 32
3, 4, 5, 39, 18, 9, 50, 21, 61, 32
1, 65, 4, 5, 9, 50, 19, 20, 23, 27
3, 4, 37, 38, 41, 19, 54, 27, 61, 32
1, 4, 5, 6, 15, 18, 19, 57, 37, 32
4, 5, 40, 18, 19, 57, 59, 61, 32, 1
65, 3, 4, 5, 9, 50, 21, 27, 61, 32
3, 4, 5, 39, 50, 9, 18, 21, 61, 32
3, 4, 5, 39, 19, 23, 57, 59, 61, 32
3, 5, 39, 9, 48, 19, 54, 23, 61, 32
3, 4, 5, 6, 9, 48, 19, 37, 61, 32
3, 4, 5, 9, 42, 44, 20, 57, 61, 32
1, 3, 4, 5, 9, 19, 23, 27, 61, 30
34, 3, 4, 9, 42, 15, 55, 64, 61, 32
3, 4, 5, 9, 42, 15, 59, 32, 61, 64
66, 3, 4, 5, 9, 45, 48, 61, 31, 32
3, 4, 5, 9, 48, 22, 58, 61, 62, 32
34, 3, 5, 9, 12, 46, 15, 28, 61, 32
4, 5, 9, 15, 49, 54, 64, 61, 32, 58
34, 3, 4, 5, 9, 42, 44, 48, 32, 19
3, 4, 69, 9, 39, 54, 57, 61, 32, 5
4, 69, 38, 9, 12, 19, 58, 59, 61, 54
3, 4, 39, 38, 9, 19, 54, 58, 32, 64
4, 5, 39, 9, 15, 59, 64, 61, 32, 3
3, 5, 9, 43, 48, 51, 58, 28, 61, 32
4, 5, 9, 42, 46, 59, 64, 61, 32, 6
3, 5, 38, 9, 42, 44, 48, 59, 61, 63
3, 4, 5, 9, 12, 54, 57, 61, 32, 64
3, 4, 5, 39, 9, 15, 59, 64, 61, 32
4, 5, 38, 9, 17, 51, 54, 56, 61, 32
3, 5, 39, 9, 42, 17, 4, 59, 61, 64
3, 4, 5, 9, 50, 22, 58, 61, 62, 32
4, 5, 9, 42, 47, 48, 17, 58, 61, 32
22, 3, 4, 5, 9, 43, 20, 21, 58, 11
1, 4, 5, 42, 43, 19, 21, 10, 61, 32
35, 4, 5, 9, 20, 21, 54, 58, 61, 31
1, 2, 4, 5, 9, 42, 20, 21, 58, 61
1, 4, 5, 9, 42, 12, 20, 21, 61, 32
1, 4, 5, 9, 13, 20, 21, 58, 61, 32
1, 2, 4, 5, 9, 42, 20, 21, 58, 61
1, 4, 5, 9, 43, 20, 21, 61, 64, 54
1, 2, 4, 5, 9, 42, 20, 21, 58, 61
1, 3, 5, 9, 42, 54, 27, 61, 32, 58
1, 2, 4, 5, 66, 42, 20, 21, 44, 61
1, 66, 4, 5, 9, 68, 20, 21, 54, 23
1, 4, 9, 42, 48, 21, 54, 58, 27, 64
1, 4, 5, 9, 11, 12, 19, 21, 24, 32
4, 5, 12, 16, 18, 19, 54, 23, 60, 32
1, 3, 4, 5, 9, 44, 21, 22, 61, 32
35, 4, 5, 9, 29, 21, 25, 58, 61, 54
1, 3, 36, 5, 9, 16, 17, 25, 27, 32
1, 4, 5, 9, 42, 47, 25, 58, 61, 20
36, 5, 9, 12, 4, 60, 10, 32, 1, 19
1, 4, 5, 15, 19, 21, 22, 32, 61, 54
1, 35, 4, 5, 9, 19, 52, 25, 61, 32
1, 4, 5, 9, 13, 19, 25, 26, 61, 32
1, 4, 5, 15, 17, 19, 21, 27, 32, 23
1, 35, 4, 5, 17, 19, 52, 25, 61, 32
1, 4, 5, 12, 15, 21, 56, 27, 32, 25
1, 65, 4, 5, 39, 9, 15, 61, 62, 32
1, 4, 5, 9, 15, 21, 25, 26, 61, 45
1, 4, 5, 9, 45, 21, 25, 26, 61, 32
1, 4, 9, 43, 15, 19, 21, 25, 61, 32
1, 5, 9, 15, 17, 21, 25, 27, 61, 31
1, 4, 9, 43, 15, 19, 21, 25, 61, 32
1, 4, 5, 17, 21, 54, 59, 28, 27, 32
3, 4, 5, 9, 15, 21, 16, 24, 61, 32
3, 4, 5, 9, 15, 54, 25, 27, 61, 32
2, 64, 4, 5, 13, 25, 59, 61, 32, 27
1, 4, 9, 45, 21, 25, 61, 32, 27, 19
1, 5, 17, 45, 15, 19, 23, 37, 61, 32
1, 3, 4, 5, 7, 13, 25, 27, 32, 45
26, 5, 9, 15, 21, 54, 25, 61, 32, 3
3, 5, 9, 48, 54, 58, 27, 61, 32, 4
3, 4, 6, 9, 15, 58, 27, 61, 32, 21
3, 69, 70, 9, 42, 48, 58, 27, 63, 32
34, 3, 4, 70, 9, 44, 58, 27, 30, 32
3, 5, 6, 9, 48, 54, 58, 27, 65, 64
3, 4, 5, 9, 47, 54, 23, 61, 63, 32
3, 4, 5, 9, 42, 21, 57, 58, 61, 32
3, 4, 7, 9, 13, 51, 52, 27, 61, 32
66, 3, 6, 9, 15, 50, 25, 57, 27, 61
1, 4, 5, 9, 42, 25, 54, 57, 27, 32
3, 4, 6, 9, 68, 54, 27, 61, 62, 32
1, 35, 4, 70, 44, 3, 58, 27, 61, 54
3, 4, 5, 9, 54, 25, 27, 61, 32, 6
3, 4, 5, 70, 9, 48, 54, 58, 27, 32
66, 3, 4, 41, 43, 48, 25, 57, 27, 61
3, 4, 5, 9, 15, 53, 58, 27, 32, 54
3, 4, 5, 9, 41, 54, 25, 27, 61, 32
3, 4, 5, 9, 45, 18, 54, 27, 61, 32
65, 3, 4, 5, 6, 9, 48, 54, 16, 29
3, 4, 5, 9, 48, 19, 52, 25, 61, 32
3, 4, 5, 7, 9, 41, 20, 21, 30, 64
66, 5, 9, 42, 41, 2, 25, 26, 61, 4
33, 35, 4, 5, 9, 17, 53, 21, 61, 32
3, 21, 5, 7, 9, 42, 57, 27, 32, 70
3, 4, 5, 7, 9, 2, 21, 25, 30, 64
3, 4, 5, 9, 42, 11, 21, 23, 61, 32
3, 4, 5, 9, 17, 21, 61, 32, 33, 25
3, 4, 5, 38, 7, 9, 41, 21, 27, 64
65, 4, 5, 7, 9, 17, 21, 25, 27, 30
3, 4, 5, 40, 9, 18, 20, 21, 28, 61
3, 4, 5, 7, 9, 20, 21, 25, 64, 39
3, 4, 5, 9, 42, 14, 15, 21, 28, 61
65, 34, 3, 4, 5, 9, 23, 25, 32, 40
3, 4, 5, 40, 41, 15, 17, 21, 25, 61
3, 4, 5, 7, 9, 20, 21, 28, 61, 56
3, 4, 5, 9, 17, 41, 21, 25, 27, 61
3, 4, 16, 9, 35, 17, 25, 21, 57, 11
65, 34, 3, 4, 5, 9, 23, 25, 61, 32
37, 3, 5, 9, 42, 11, 27, 61, 32, 70
33, 66, 3, 4, 5, 9, 50, 21, 64, 32
65, 1, 4, 5, 40, 15, 21, 23, 61, 30
65, 4, 5, 39, 9, 15, 23, 56, 59, 32
65, 3, 5, 38, 9, 48, 41, 25, 37, 56
3, 4, 5, 39, 40, 9, 25, 61, 31, 32
1, 4, 5, 39, 9, 15, 18, 21, 23, 32
3, 4, 5, 39, 9, 15, 18, 58, 27, 32
3, 4, 5, 7, 9, 39, 18, 27, 31, 32
65, 4, 69, 39, 9, 13, 21, 5, 61, 30
33, 3, 4, 5, 70, 39, 9, 41, 25, 32
3, 5, 7, 15, 23, 27, 61, 32, 9, 13
65, 4, 5, 9, 13, 48, 25, 27, 61, 31
3, 4, 5, 39, 9, 43, 15, 21, 25, 32
1, 3, 5, 9, 15, 21, 63, 25, 31, 32
3, 4, 5, 39, 40, 9, 25, 27, 61, 32
33, 3, 4, 5, 39, 9, 25, 26, 61, 32
3, 4, 38, 9, 15, 18, 21, 23, 27, 25
3, 4, 5, 8, 9, 52, 21, 25, 58, 27
1, 4, 5, 9, 15, 21, 63, 16, 31, 32
3, 4, 5, 9, 56, 15, 18, 21, 41, 32
3, 7, 9, 15, 48, 18, 25, 61, 32, 43
1, 2, 4, 9, 20, 21, 27, 61, 32, 17
1, 2, 4, 9, 17, 20, 21, 27, 61, 32
1, 2, 4, 15, 19, 20, 21, 27, 61, 32
3, 70, 40, 9, 50, 25, 27, 61, 31, 32
4, 69, 39, 9, 46, 20, 25, 59, 61, 32
19, 4, 9, 42, 26, 17, 20, 25, 63, 32
33, 70, 8, 9, 17, 54, 25, 27, 61, 32
57, 3, 9, 42, 14, 20, 25, 26, 59, 32
33, 3, 9, 50, 51, 20, 25, 27, 32, 19
3, 4, 40, 9, 42, 17, 20, 27, 59, 32
2, 3, 38, 39, 14, 25, 57, 27, 61, 32
34, 3, 70, 9, 17, 20, 25, 59, 30, 64
39, 3, 9, 42, 44, 45, 20, 25, 61, 32
33, 3, 6, 9, 16, 20, 54, 25, 27, 32
2, 3, 4, 17, 20, 25, 26, 63, 32, 27
3, 4, 9, 42, 14, 20, 27, 61, 32, 40
3, 70, 40, 9, 50, 25, 27, 61, 32, 4
3, 4, 40, 41, 44, 20, 25, 27, 61, 32
3, 70, 40, 42, 44, 19, 54, 61, 31, 32
2, 3, 70, 9, 50, 56, 25, 27, 31, 44
2, 4, 69, 9, 48, 19, 20, 21, 25, 59
33, 4, 5, 9, 18, 19, 20, 25, 26, 27
3, 4, 5, 40, 9, 18, 19, 25, 57, 28
3, 4, 6, 18, 19, 20, 25, 26, 40, 9
3, 4, 5, 6, 18, 19, 52, 25, 26, 27
3, 4, 5, 40, 9, 18, 19, 25, 26, 28
2, 3, 4, 5, 9, 19, 21, 25, 27, 6
33, 4, 5, 18, 19, 20, 25, 26, 27, 60
3, 4, 5, 6, 40, 9, 25, 19, 20, 57
2, 3, 4, 5, 9, 19, 21, 25, 27, 16
3, 4, 5, 40, 15, 49, 19, 54, 27, 28
3, 5, 40, 9, 19, 20, 25, 26, 28, 49
2, 4, 5, 9, 49, 48, 18, 25, 27, 15
2, 4, 69, 9, 48, 19, 20, 25, 58, 59
67, 4, 5, 6, 9, 45, 14, 16, 19, 28
3, 4, 39, 9, 43, 18, 20, 25, 27, 26
2, 3, 5, 9, 18, 20, 58, 25, 26, 27
69, 3, 5, 9, 19, 20, 25, 58, 27, 22
3, 4, 37, 39, 9, 43, 19, 26, 27, 28
3, 5, 6, 9, 18, 19, 20, 25, 26, 27
1, 4, 5, 9, 12, 19, 53, 21, 61, 32
1, 4, 5, 12, 19, 53, 57, 61, 32, 59
65, 34, 4, 5, 9, 42, 20, 25, 58, 32
1, 3, 5, 9, 12, 19, 53, 57, 61, 49
1, 3, 4, 9, 48, 54, 23, 25, 27, 61
1, 3, 9, 29, 11, 16, 20, 27, 61, 25
3, 68, 5, 9, 42, 16, 53, 25, 61, 32
1, 3, 5, 6, 9, 11, 16, 21, 26, 61
67, 4, 5, 7, 9, 25, 27, 61, 32, 11
1, 3, 9, 44, 16, 23, 25, 58, 27, 48
1, 4, 5, 9, 12, 19, 53, 57, 61, 32
65, 1, 3, 9, 57, 54, 23, 25, 58, 69
65, 4, 5, 9, 14, 16, 23, 28, 61, 32
65, 4, 69, 13, 15, 19, 53, 25, 58, 5
34, 4, 7, 9, 49, 5, 53, 25, 61, 32
1, 3, 4, 5, 7, 9, 13, 48, 27, 25
1, 66, 4, 5, 9, 48, 50, 21, 58, 27
65, 34, 4, 5, 9, 53, 57, 27, 61, 32
1, 66, 4, 5, 9, 48, 20, 53, 58, 27
1, 4, 5, 9, 12, 19, 57, 27, 61, 32
1, 70, 32, 42, 17, 20, 25, 28, 61, 38
46, 6, 40, 49, 19, 57, 27, 61, 32, 18
70, 42, 12, 16, 51, 25, 27, 28, 61, 32
2, 38, 41, 42, 13, 49, 25, 27, 61, 32
65, 51, 38, 50, 19, 23, 25, 27, 61, 5
67, 70, 42, 44, 19, 52, 25, 27, 61, 32
4, 6, 41, 49, 19, 56, 27, 32, 61, 38
33, 4, 16, 19, 20, 25, 27, 61, 32, 36
3, 70, 42, 46, 57, 27, 61, 38, 32, 41
65, 2, 67, 16, 19, 58, 25, 27, 61, 32
49, 3, 16, 17, 25, 20, 57, 59, 27, 9
65, 5, 38, 9, 44, 13, 15, 27, 61, 32
4, 6, 44, 13, 51, 25, 27, 28, 61, 32
5, 70, 19, 15, 16, 25, 27, 28, 61, 36
37, 70, 7, 12, 47, 18, 19, 27, 61, 32
33, 3, 36, 5, 70, 9, 25, 27, 61, 32
6, 42, 11, 50, 20, 27, 61, 38, 32, 3
3, 70, 41, 49, 25, 44, 57, 27, 28, 38
1, 4, 44, 20, 21, 56, 25, 61, 32, 28
2, 6, 7, 44, 51, 19, 20, 57, 61, 32
1, 68, 5, 9, 20, 21, 25, 61, 32, 4
3, 4, 5, 9, 15, 20, 21, 25, 27, 32
1, 34, 4, 5, 9, 13, 21, 25, 61, 32
1, 4, 5, 6, 9, 15, 21, 25, 61, 32
3, 4, 5, 40, 15, 20, 37, 27, 61, 32
1, 4, 5, 9, 15, 21, 25, 27, 60, 61
1, 4, 5, 9, 12, 15, 18, 57, 61, 32
3, 4, 5, 9, 21, 25, 28, 48, 32, 1
1, 4, 5, 40, 9, 43, 25, 37, 27, 32
3, 4, 37, 70, 9, 18, 25, 59, 61, 32
1, 4, 9, 12, 13, 21, 25, 58, 27, 32
3, 4, 37, 9, 15, 5, 27, 32, 61, 25
3, 4, 5, 9, 43, 15, 17, 27, 61, 32
3, 4, 5, 40, 9, 21, 25, 28, 61, 32
3, 4, 9, 43, 54, 23, 27, 32, 61, 25
3, 4, 5, 9, 15, 20, 21, 28, 61, 32
65, 67, 4, 70, 9, 44, 21, 25, 61, 5
65, 4, 5, 9, 43, 25, 37, 27, 61, 59
65, 4, 5, 9, 20, 21, 25, 59, 61, 43
3, 4, 5, 9, 15, 17, 21, 61, 32, 41
3, 68, 37, 9, 42, 44, 19, 57, 27, 32
3, 9, 42, 44, 25, 19, 53, 57, 27, 32
5, 6, 9, 42, 44, 25, 27, 70, 32, 22
66, 3, 9, 42, 44, 21, 23, 25, 27, 32
3, 37, 9, 42, 44, 53, 22, 27, 64, 5
59, 3, 70, 42, 44, 25, 19, 52, 57, 27
2, 5, 70, 9, 42, 44, 45, 25, 27, 32
3, 5, 6, 9, 42, 44, 67, 32, 37, 70
3, 9, 42, 16, 52, 53, 23, 25, 32, 27
3, 38, 9, 42, 44, 13, 23, 25, 6, 32
37, 8, 9, 42, 44, 17, 23, 25, 27, 32
3, 68, 9, 42, 44, 65, 67, 52, 26, 25
2, 3, 9, 42, 44, 67, 19, 24, 27, 32
3, 5, 70, 9, 42, 44, 19, 25, 59, 26
3, 68, 9, 42, 44, 13, 23, 27, 32, 53
3, 68, 42, 44, 9, 57, 25, 27, 59, 32
3, 5, 9, 42, 44, 13, 23, 25, 27, 32
3, 37, 6, 9, 42, 16, 5, 25, 27, 32
66, 3, 70, 9, 44, 13, 25, 27, 32, 68
3, 6, 9, 42, 44, 22, 27, 70, 32, 25
1, 4, 5, 39, 8, 9, 19, 25, 61, 32
4, 5, 9, 12, 14, 19, 20, 22, 32, 54
1, 4, 5, 39, 8, 42, 16, 19, 28, 61
1, 4, 5, 44, 18, 19, 54, 61, 32, 20
1, 5, 9, 22, 19, 20, 21, 28, 63, 25
1, 4, 5, 42, 43, 18, 19, 54, 61, 32
66, 4, 5, 9, 19, 24, 25, 28, 32, 43
1, 4, 5, 40, 18, 19, 22, 32, 61, 54
1, 4, 5, 44, 18, 19, 54, 23, 61, 32
1, 4, 5, 44, 18, 19, 20, 54, 30, 32
1, 4, 5, 41, 42, 18, 19, 22, 45, 54
1, 4, 5, 9, 13, 18, 19, 54, 61, 32
1, 4, 69, 44, 15, 19, 22, 5, 61, 34
66, 4, 5, 9, 42, 18, 19, 54, 23, 21
66, 4, 5, 7, 9, 19, 20, 30, 52, 27
1, 4, 5, 42, 18, 19, 20, 54, 61, 64
1, 4, 5, 39, 8, 16, 19, 20, 61, 32
65, 4, 5, 70, 18, 19, 20, 59, 61, 32
1, 66, 5, 48, 13, 20, 61, 30, 32, 8
4, 5, 38, 39, 42, 11, 6, 54, 61, 32
1, 4, 5, 9, 47, 49, 23, 37, 61, 22
1, 4, 5, 9, 47, 49, 22, 23, 37, 61
1, 4, 5, 9, 15, 19, 21, 23, 30, 32
1, 4, 5, 9, 11, 19, 21, 22, 30, 32
1, 4, 5, 9, 15, 19, 21, 25, 26, 61
1, 4, 5, 9, 15, 19, 21, 24, 25, 61
1, 4, 5, 11, 15, 19, 21, 25, 61, 22
1, 4, 5, 9, 45, 15, 17, 19, 25, 61
1, 4, 5, 9, 18, 19, 6, 21, 28, 31
1, 4, 5, 8, 9, 15, 19, 27, 61, 32
1, 35, 4, 5, 8, 49, 19, 56, 25, 26
1, 5, 9, 13, 17, 19, 22, 23, 26, 29
67, 4, 5, 9, 45, 15, 18, 19, 27, 61
1, 67, 4, 5, 9, 19, 21, 23, 30, 32
1, 4, 9, 19, 21, 56, 25, 26, 27, 32
1, 4, 5, 9, 47, 19, 25, 27, 61, 32
1, 5, 9, 15, 19, 21, 23, 30, 32, 13
1, 4, 5, 41, 15, 18, 19, 22, 25, 27
1, 4, 5, 39, 19, 22, 23, 26, 61, 32
1, 35, 4, 5, 9, 18, 19, 52, 55, 64
2, 4, 9, 15, 25, 26, 61, 32, 49, 27
3, 4, 5, 15, 21, 54, 25, 27, 60, 61
4, 5, 9, 15, 58, 25, 26, 27, 61, 32
2, 3, 4, 5, 7, 9, 25, 27, 61, 32
3, 4, 5, 9, 43, 25, 58, 27, 59, 54
4, 5, 40, 9, 15, 25, 58, 27, 32, 68
1, 68, 5, 6, 9, 15, 49, 21, 63, 32
20, 5, 9, 15, 54, 68, 27, 61, 62, 32
67, 4, 5, 9, 55, 19, 25, 27, 61, 32
3, 4, 5, 40, 9, 45, 67, 21, 61, 32
3, 5, 6, 9, 49, 54, 58, 27, 61, 4
3, 4, 5, 9, 42, 67, 14, 54, 27, 25
3, 4, 5, 15, 17, 21, 25, 58, 61, 54
4, 5, 9, 45, 54, 26, 25, 69, 27, 32
3, 4, 5, 70, 9, 25, 58, 61, 32, 26
1, 4, 5, 70, 9, 45, 56, 25, 62, 32
2, 3, 4, 5, 9, 42, 14, 27, 59, 32
3, 1, 5, 6, 9, 43, 54, 25, 58, 27
4, 5, 9, 45, 58, 69, 27, 61, 63, 32
2, 3, 4, 15, 58, 25, 26, 27, 32, 17
66, 3, 5, 9, 51, 21, 32, 61, 64, 27
2, 3, 68, 9, 12, 44, 25, 27, 61, 32
24, 3, 66, 9, 46, 48, 23, 27, 61, 32
2, 3, 5, 70, 9, 53, 23, 27, 61, 32
66, 3, 9, 14, 51, 24, 25, 27, 61, 32
36, 70, 9, 14, 42, 21, 27, 61, 32, 3
3, 4, 70, 44, 14, 48, 27, 61, 32, 20
66, 3, 9, 14, 46, 21, 27, 61, 32, 15
2, 3, 68, 69, 9, 14, 25, 27, 61, 32
2, 3, 69, 6, 66, 9, 25, 23, 32, 27
66, 3, 5, 9, 51, 21, 24, 25, 61, 32
4, 5, 70, 9, 44, 48, 20, 25, 61, 32
2, 3, 36, 8, 44, 20, 25, 27, 32, 9
66, 3, 70, 9, 35, 24, 58, 27, 61, 32
2, 3, 6, 9, 15, 23, 25, 27, 61, 32
3, 4, 9, 13, 48, 53, 22, 25, 32, 61
3, 4, 5, 41, 15, 9, 23, 58, 27, 32
3, 14, 15, 46, 20, 58, 27, 61, 32, 9
3, 70, 41, 14, 15, 51, 25, 61, 32, 27
3, 36, 47, 9, 14, 49, 32, 61, 62, 64
34, 4, 5, 9, 14, 25, 27, 61, 32, 15
3, 4, 5, 9, 15, 50, 25, 27, 32, 6
33, 3, 5, 9, 14, 15, 27, 61, 63, 32
3, 4, 5, 9, 25, 57, 27, 32, 62, 64
33, 4, 5, 41, 9, 25, 27, 61, 32, 34
33, 3, 5, 40, 9, 12, 14, 13, 25, 63
33, 4, 39, 9, 12, 15, 50, 25, 61, 32
34, 3, 4, 5, 9, 14, 25, 27, 61, 32
34, 4, 42, 15, 19, 22, 27, 61, 32, 9
3, 4, 5, 6, 9, 49, 25, 27, 28, 32
34, 4, 5, 41, 9, 25, 27, 61, 63, 64
33, 3, 4, 5, 9, 29, 25, 61, 63, 32
34, 3, 4, 5, 15, 36, 25, 27, 61, 32
33, 3, 9, 25, 27, 61, 63, 64, 62, 4
3, 4, 9, 41, 25, 27, 28, 61, 67, 5
33, 3, 5, 6, 9, 25, 61, 63, 32, 27
33, 67, 4, 5, 9, 49, 56, 27, 61, 32
34, 4, 5, 9, 14, 27, 28, 61, 1, 62
3, 4, 6, 41, 9, 25, 27, 61, 32, 5
3, 4, 9, 40, 14, 25, 27, 28, 61, 32
1, 66, 5, 65, 21, 31, 56, 27, 63, 25
65, 1, 39, 19, 21, 25, 27, 60, 62, 32
33, 34, 67, 9, 14, 56, 27, 30, 32, 62
66, 3, 5, 39, 49, 23, 27, 61, 30, 32
3, 5, 9, 23, 25, 27, 61, 30, 63, 32
66, 5, 39, 61, 49, 27, 29, 30, 32, 9
66, 36, 7, 9, 25, 54, 57, 27, 63, 32
65, 67, 41, 45, 48, 9, 27, 63, 32, 66
66, 3, 9, 49, 20, 21, 25, 27, 63, 36
66, 3, 5, 39, 16, 49, 23, 25, 27, 63
66, 3, 39, 9, 49, 20, 21, 27, 8, 32
66, 3, 36, 38, 9, 58, 27, 61, 62, 63
3, 36, 9, 22, 25, 58, 27, 61, 63, 32
33, 3, 9, 14, 30, 20, 25, 27, 62, 32
66, 6, 39, 9, 53, 27, 32, 61, 62, 64
1, 49, 3, 9, 51, 25, 27, 61, 32, 64
33, 36, 38, 7, 9, 25, 27, 62, 3, 20
66, 3, 9, 51, 41, 27, 63, 32, 39, 61
65, 3, 9, 42, 5, 21, 23, 24, 61, 32
65, 66, 6, 9, 46, 18, 25, 27, 61, 32
1, 4, 5, 46, 15, 17, 21, 13, 25, 31
1, 45, 5, 15, 19, 21, 61, 63, 32, 51
1, 4, 5, 14, 19, 21, 57, 61, 32, 15
1, 4, 37, 44, 19, 21, 26, 5, 32, 66
1, 4, 5, 51, 19, 20, 21, 25, 26, 33
1, 4, 5, 47, 15, 19, 20, 21, 23, 63
1, 4, 5, 43, 14, 15, 19, 21, 57, 64
1, 4, 5, 46, 15, 19, 21, 55, 25, 32
1, 4, 5, 46, 15, 17, 21, 55, 25, 32
1, 4, 5, 15, 68, 21, 56, 57, 69, 32
1, 4, 5, 41, 43, 19, 21, 61, 63, 32
1, 4, 5, 46, 15, 17, 21, 57, 61, 32
1, 5, 14, 19, 20, 21, 22, 23, 25, 4
1, 4, 37, 15, 49, 51, 52, 21, 5, 32
1, 4, 13, 42, 14, 51, 21, 57, 61, 32
1, 35, 4, 68, 46, 15, 17, 21, 32, 25
1, 66, 4, 5, 20, 36, 21, 22, 23, 25
2, 4, 5, 7, 19, 20, 21, 25, 28, 29
1, 4, 5, 13, 20, 21, 56, 27, 61, 32
1, 4, 5, 46, 15, 17, 52, 21, 25, 32
1, 4, 5, 14, 19, 55, 25, 27, 28, 32
4, 70, 42, 44, 18, 19, 20, 27, 61, 32
1, 38, 4, 7, 9, 42, 19, 20, 61, 32
66, 5, 70, 42, 44, 25, 4, 30, 32, 48
1, 4, 37, 9, 50, 19, 25, 27, 61, 32
66, 4, 5, 9, 61, 17, 18, 19, 27, 29
66, 4, 70, 2, 17, 19, 27, 61, 32, 25
1, 4, 5, 42, 44, 19, 20, 25, 27, 61
66, 4, 5, 50, 19, 20, 25, 27, 32, 70
5, 70, 44, 46, 27, 55, 25, 61, 63, 19
34, 5, 70, 15, 50, 42, 18, 19, 61, 62
1, 4, 5, 42, 44, 19, 20, 61, 31, 32
4, 5, 38, 42, 19, 20, 25, 27, 61, 32
4, 9, 44, 14, 46, 20, 55, 25, 30, 32
1, 5, 9, 42, 18, 19, 52, 25, 27, 61
66, 70, 9, 42, 44, 48, 19, 27, 61, 32
66, 4, 5, 42, 11, 44, 46, 27, 28, 29
14, 70, 40, 42, 44, 19, 20, 53, 25, 32
1, 33, 4, 5, 44, 46, 19, 20, 61, 32
66, 4, 70, 42, 47, 20, 55, 25, 27, 38
