34, 3, 4, 5, 9, 44, 25, 27, 61, 32
3, 4, 5, 9, 44, 25, 58, 27, 61, 32
3, 68, 5, 9, 46, 57, 61, 32, 4, 15
3, 68, 5, 7, 9, 4, 40, 27, 61, 32
3, 4, 5, 9, 53, 54, 58, 27, 61, 32
3, 4, 5, 9, 48, 23, 25, 61, 31, 32
3, 68, 5, 9, 17, 19, 4, 54, 69, 32
3, 4, 5, 38, 9, 52, 54, 20, 61, 32
3, 5, 9, 12, 15, 20, 58, 61, 32, 38
3, 4, 5, 9, 57, 25, 59, 61, 30, 32
3, 4, 5, 38, 9, 12, 45, 27, 61, 32
33, 5, 38, 9, 44, 54, 58, 27, 61, 32
3, 4, 5, 9, 20, 55, 25, 37, 61, 32
3, 68, 5, 9, 46, 4, 57, 61, 32, 27
3, 5, 9, 17, 27, 25, 59, 30, 32, 61
33, 3, 5, 9, 20, 55, 25, 59, 27, 32
1, 3, 4, 5, 9, 55, 25, 37, 61, 32
63, 4, 5, 7, 9, 55, 25, 59, 27, 32
3, 4, 5, 7, 9, 52, 54, 27, 61, 32
3, 36, 5, 9, 44, 25, 58, 27, 61, 31
3, 4, 5, 9, 13, 15, 28, 61, 32, 67
3, 4, 5, 9, 19, 20, 21, 22, 61, 32
67, 4, 5, 9, 3, 18, 19, 36, 32, 1
3, 4, 5, 9, 13, 19, 20, 22, 61, 67
3, 4, 5, 7, 15, 19, 20, 21, 22, 61
3, 4, 9, 35, 15, 46, 18, 19, 20, 32
67, 4, 5, 9, 11, 3, 18, 19, 21, 32
3, 4, 5, 9, 11, 20, 22, 61, 32, 23
36, 67, 4, 5, 7, 15, 19, 20, 21, 32
3, 4, 5, 9, 11, 13, 15, 18, 19, 32
33, 3, 4, 5, 9, 13, 15, 18, 19, 32
2, 3, 4, 5, 9, 18, 20, 21, 61, 32
2, 3, 4, 5, 9, 46, 20, 21, 22, 61
3, 4, 5, 9, 15, 21, 28, 61, 32, 18
20, 2, 3, 68, 5, 9, 19, 4, 29, 64
4, 5, 9, 11, 51, 15, 21, 27, 61, 32
3, 4, 5, 9, 15, 18, 19, 22, 28, 33
1, 3, 4, 9, 19, 20, 22, 23, 61, 32
3, 4, 5, 9, 15, 19, 21, 54, 23, 32
3, 4, 5, 9, 19, 20, 61, 63, 32, 50
3, 4, 5, 9, 67, 18, 19, 21, 25, 53
1, 4, 5, 9, 45, 15, 18, 19, 21, 25
1, 4, 5, 6, 9, 15, 19, 20, 25, 32
1, 3, 4, 5, 9, 17, 18, 19, 25, 30
3, 4, 5, 38, 9, 19, 20, 21, 25, 63
4, 5, 9, 18, 19, 69, 59, 61, 32, 25
1, 4, 5, 70, 19, 25, 69, 59, 61, 22
3, 4, 5, 9, 17, 18, 19, 36, 61, 32
1, 4, 5, 40, 9, 18, 19, 22, 25, 36
3, 4, 5, 7, 18, 19, 20, 59, 61, 32
1, 3, 4, 5, 40, 17, 18, 19, 50, 32
1, 3, 4, 9, 20, 21, 25, 61, 32, 5
3, 4, 5, 40, 9, 18, 19, 20, 32, 1
3, 4, 5, 9, 43, 45, 15, 18, 25, 32
1, 4, 6, 9, 18, 19, 56, 61, 32, 5
3, 4, 5, 9, 18, 19, 20, 21, 59, 61
4, 5, 9, 49, 19, 25, 69, 15, 61, 32
4, 5, 7, 9, 19, 25, 61, 27, 32, 20
4, 5, 40, 9, 18, 25, 61, 30, 32, 19
1, 33, 30, 4, 5, 9, 20, 21, 23, 17
3, 5, 70, 42, 14, 17, 25, 27, 61, 32
49, 35, 44, 3, 17, 54, 25, 27, 61, 32
33, 3, 42, 44, 17, 25, 27, 46, 32, 70
17, 39, 42, 44, 54, 23, 25, 27, 61, 48
3, 36, 42, 44, 17, 50, 25, 27, 61, 32
5, 70, 42, 44, 17, 25, 27, 32, 63, 61
2, 35, 4, 70, 42, 44, 3, 48, 25, 27
3, 67, 43, 35, 17, 25, 27, 61, 32, 4
67, 37, 70, 39, 50, 51, 55, 25, 63, 32
3, 70, 42, 44, 17, 51, 25, 27, 60, 63
65, 3, 68, 37, 42, 43, 50, 25, 32, 27
65, 3, 68, 37, 17, 25, 27, 61, 32, 2
5, 70, 42, 44, 14, 25, 27, 61, 63, 32
33, 3, 70, 42, 44, 56, 27, 61, 30, 32
2, 3, 70, 42, 48, 18, 27, 61, 32, 35
67, 3, 5, 70, 4, 42, 16, 58, 61, 32
67, 37, 40, 42, 43, 44, 48, 25, 63, 32
3, 37, 70, 42, 43, 44, 48, 59, 29, 32
50, 68, 37, 42, 43, 44, 25, 5, 61, 32
2, 5, 42, 44, 18, 25, 26, 27, 32, 67
65, 3, 4, 5, 42, 25, 27, 61, 40, 32
3, 4, 9, 51, 20, 23, 25, 61, 32, 5
3, 5, 40, 9, 12, 14, 41, 61, 32, 25
65, 2, 3, 9, 5, 19, 20, 25, 27, 61
3, 4, 5, 6, 9, 15, 54, 25, 61, 49
65, 3, 4, 5, 61, 46, 25, 27, 29, 32
65, 3, 4, 5, 9, 41, 25, 27, 61, 63
1, 3, 4, 5, 42, 68, 25, 27, 61, 32
65, 3, 4, 9, 19, 68, 57, 27, 61, 32
65, 3, 4, 5, 9, 13, 69, 27, 61, 32
3, 4, 5, 41, 15, 51, 57, 61, 31, 14
3, 4, 5, 9, 19, 54, 69, 27, 61, 57
65, 3, 4, 9, 36, 23, 56, 25, 27, 61
1, 2, 5, 9, 15, 49, 41, 27, 61, 32
65, 34, 3, 4, 5, 42, 19, 23, 25, 32
65, 3, 4, 9, 15, 19, 25, 27, 61, 5
65, 4, 5, 9, 46, 23, 69, 27, 29, 54
37, 9, 42, 24, 56, 25, 5, 27, 61, 32
65, 3, 4, 40, 9, 41, 19, 61, 32, 69
65, 4, 5, 9, 11, 45, 47, 25, 27, 32
1, 4, 5, 9, 14, 19, 62, 25, 26, 21
1, 4, 5, 40, 33, 19, 21, 25, 27, 59
1, 4, 5, 9, 13, 19, 21, 58, 61, 32
3, 4, 5, 6, 9, 55, 19, 20, 47, 22
2, 4, 5, 15, 19, 20, 21, 25, 58, 61
1, 4, 5, 9, 15, 20, 21, 54, 58, 32
1, 4, 5, 9, 20, 21, 54, 25, 58, 32
1, 4, 5, 9, 15, 20, 21, 25, 27, 62
4, 5, 6, 15, 17, 21, 58, 27, 31, 32
1, 4, 9, 45, 15, 19, 21, 25, 32, 20
1, 4, 5, 9, 48, 19, 59, 28, 61, 21
1, 4, 5, 9, 15, 19, 21, 26, 27, 32
1, 4, 5, 9, 15, 28, 21, 58, 27, 32
1, 4, 40, 9, 15, 19, 21, 26, 58, 62
1, 4, 5, 40, 14, 18, 19, 21, 61, 32
1, 4, 40, 9, 19, 21, 25, 27, 32, 5
1, 34, 4, 5, 9, 19, 20, 54, 58, 32
1, 4, 5, 9, 19, 20, 26, 25, 58, 21
1, 4, 40, 9, 15, 21, 25, 27, 62, 5
3, 4, 5, 9, 49, 21, 61, 62, 32, 1
33, 4, 5, 41, 44, 25, 37, 27, 61, 32
2, 4, 5, 9, 15, 16, 51, 20, 27, 32
65, 3, 4, 5, 9, 7, 20, 54, 25, 32
1, 3, 9, 35, 18, 51, 20, 27, 32, 23
1, 65, 4, 5, 23, 15, 55, 25, 61, 32
65, 3, 4, 5, 44, 19, 20, 53, 27, 32
3, 4, 5, 9, 14, 19, 20, 27, 61, 44
3, 4, 5, 9, 19, 51, 20, 23, 61, 32
3, 4, 5, 39, 9, 14, 20, 54, 59, 64
3, 4, 39, 11, 49, 19, 20, 27, 61, 32
3, 4, 9, 42, 19, 25, 61, 20, 64, 32
4, 62, 9, 46, 15, 19, 25, 27, 32, 61
3, 4, 37, 7, 45, 14, 20, 27, 61, 59
3, 5, 43, 48, 25, 27, 61, 32, 9, 16
3, 4, 5, 9, 19, 20, 25, 32, 64, 61
4, 5, 38, 61, 20, 55, 69, 27, 29, 32
3, 4, 5, 9, 44, 20, 25, 37, 27, 29
34, 3, 4, 9, 44, 25, 27, 61, 32, 35
3, 4, 5, 9, 44, 19, 20, 27, 61, 32
3, 4, 9, 13, 25, 27, 61, 32, 15, 44
33, 66, 5, 42, 13, 19, 20, 25, 27, 32
54, 4, 5, 9, 20, 53, 58, 27, 32, 19
2, 4, 5, 18, 9, 11, 50, 19, 25, 32
65, 4, 5, 9, 13, 19, 20, 25, 27, 32
66, 61, 5, 38, 9, 51, 25, 27, 62, 32
66, 68, 38, 9, 19, 20, 25, 27, 32, 40
33, 5, 40, 9, 11, 13, 27, 61, 30, 32
65, 68, 5, 39, 9, 19, 20, 25, 32, 27
2, 36, 5, 9, 25, 27, 61, 32, 15, 40
2, 68, 5, 39, 9, 19, 59, 27, 32, 15
20, 4, 70, 39, 9, 19, 68, 25, 30, 2
5, 6, 40, 9, 19, 25, 27, 61, 32, 39
33, 67, 5, 9, 13, 19, 22, 25, 27, 61
33, 67, 5, 9, 44, 20, 23, 25, 27, 61
65, 5, 40, 9, 13, 53, 56, 25, 61, 32
65, 68, 5, 39, 9, 19, 20, 25, 27, 2
2, 5, 9, 13, 19, 25, 27, 30, 32, 41
33, 5, 40, 9, 11, 13, 25, 61, 30, 32
33, 4, 5, 40, 9, 15, 25, 27, 61, 32
33, 5, 9, 43, 2, 53, 25, 27, 61, 59
34, 3, 36, 38, 48, 20, 27, 61, 17, 55
66, 3, 36, 9, 14, 15, 55, 27, 61, 32
66, 3, 9, 45, 15, 53, 55, 27, 61, 32
3, 11, 12, 14, 35, 16, 9, 27, 61, 32
3, 36, 9, 14, 15, 48, 56, 27, 61, 11
33, 3, 9, 14, 15, 21, 57, 27, 32, 6
66, 3, 9, 42, 14, 16, 57, 27, 61, 32
3, 36, 12, 9, 14, 15, 48, 27, 61, 63
3, 69, 6, 9, 14, 15, 67, 57, 26, 32
66, 3, 9, 40, 21, 65, 27, 61, 62, 15
1, 3, 7, 9, 17, 30, 53, 27, 61, 32
3, 5, 9, 11, 55, 27, 61, 31, 32, 56
3, 7, 9, 44, 16, 17, 57, 27, 61, 32
3, 36, 7, 45, 19, 52, 57, 27, 14, 32
3, 36, 7, 9, 48, 17, 56, 27, 61, 32
66, 35, 9, 14, 15, 49, 50, 56, 61, 32
3, 5, 9, 11, 55, 56, 27, 61, 31, 32
3, 5, 9, 11, 55, 56, 27, 61, 31, 32
34, 36, 37, 38, 40, 48, 49, 51, 27, 61
65, 2, 3, 9, 18, 21, 55, 27, 61, 32
1, 35, 4, 5, 9, 21, 22, 50, 61, 64
1, 4, 5, 9, 19, 52, 21, 22, 25, 26
1, 4, 5, 9, 19, 51, 21, 22, 61, 32
1, 4, 5, 59, 9, 19, 21, 23, 61, 44
1, 4, 5, 7, 9, 19, 21, 25, 28, 11
4, 5, 7, 9, 11, 12, 19, 28, 61, 58
1, 69, 45, 19, 21, 22, 25, 5, 28, 4
1, 35, 4, 5, 15, 51, 36, 47, 22, 42
1, 4, 5, 9, 11, 21, 54, 27, 32, 61
4, 5, 9, 45, 19, 51, 21, 25, 27, 32
1, 3, 53, 9, 11, 19, 18, 51, 61, 32
1, 33, 4, 5, 9, 21, 22, 61, 31, 32
4, 5, 9, 51, 19, 53, 21, 29, 6, 61
1, 4, 5, 9, 44, 15, 23, 59, 61, 32
1, 4, 40, 9, 44, 19, 21, 59, 61, 32
1, 4, 5, 9, 21, 22, 59, 28, 61, 32
1, 35, 4, 5, 9, 11, 30, 31, 32, 21
67, 4, 5, 9, 45, 19, 21, 25, 69, 20
1, 33, 4, 5, 9, 21, 58, 61, 31, 12
4, 5, 9, 51, 19, 53, 25, 27, 61, 32
3, 4, 5, 7, 9, 20, 21, 25, 64, 22
65, 35, 4, 5, 12, 17, 21, 23, 26, 27
1, 4, 5, 7, 9, 50, 23, 25, 32, 67
65, 3, 4, 5, 9, 49, 20, 56, 25, 27
3, 4, 5, 7, 9, 50, 25, 27, 61, 32
3, 4, 5, 9, 12, 21, 22, 25, 61, 32
3, 4, 5, 9, 11, 16, 17, 30, 27, 64
65, 3, 7, 39, 9, 15, 25, 27, 66, 22
3, 4, 5, 9, 53, 25, 27, 61, 32, 65
66, 3, 5, 9, 35, 19, 20, 27, 61, 32
3, 4, 5, 9, 12, 49, 25, 27, 61, 32
65, 3, 4, 5, 9, 56, 19, 21, 25, 27
3, 4, 7, 9, 67, 51, 33, 56, 32, 39
3, 4, 39, 9, 17, 20, 25, 27, 28, 32
65, 4, 5, 9, 12, 53, 25, 27, 61, 17
1, 34, 4, 7, 46, 19, 20, 21, 27, 64
34, 5, 6, 15, 17, 20, 54, 27, 32, 19
65, 3, 5, 7, 49, 20, 24, 25, 27, 56
65, 53, 35, 4, 5, 9, 23, 25, 27, 61
3, 4, 5, 24, 9, 50, 22, 25, 64, 12
1, 5, 9, 44, 15, 27, 19, 23, 57, 4
1, 4, 5, 15, 19, 20, 21, 23, 61, 9
1, 4, 5, 9, 15, 16, 51, 21, 61, 32
1, 4, 5, 9, 19, 15, 65, 57, 61, 32
1, 4, 5, 15, 19, 20, 21, 23, 32, 61
1, 4, 5, 9, 44, 19, 23, 57, 32, 15
1, 34, 4, 5, 9, 15, 16, 19, 52, 37
1, 4, 5, 9, 15, 16, 50, 23, 26, 58
1, 34, 4, 5, 44, 15, 19, 52, 23, 32
1, 4, 5, 15, 19, 20, 23, 61, 32, 9
1, 4, 5, 9, 15, 20, 21, 61, 32, 23
1, 6, 4, 5, 15, 20, 21, 61, 32, 49
4, 5, 9, 15, 41, 21, 23, 57, 58, 1
1, 35, 4, 5, 9, 15, 19, 23, 67, 57
1, 4, 5, 9, 61, 11, 19, 25, 60, 62
1, 4, 5, 8, 45, 15, 16, 19, 52, 23
1, 4, 5, 9, 15, 20, 21, 61, 11, 33
4, 5, 9, 15, 16, 23, 57, 37, 58, 1
1, 4, 5, 7, 9, 15, 21, 23, 61, 32
1, 67, 4, 5, 70, 19, 20, 21, 25, 59
3, 4, 5, 9, 42, 45, 18, 19, 21, 25
3, 4, 5, 9, 12, 19, 20, 32, 61, 64
1, 3, 4, 5, 9, 19, 27, 59, 63, 32
20, 3, 4, 9, 48, 19, 52, 21, 27, 61
67, 4, 39, 9, 42, 20, 27, 31, 64, 21
3, 4, 5, 9, 42, 45, 48, 21, 61, 31
1, 4, 5, 9, 19, 27, 61, 30, 64, 25
66, 3, 50, 5, 39, 42, 54, 61, 32, 9
4, 6, 9, 19, 25, 26, 27, 32, 70, 20
33, 3, 4, 5, 41, 42, 12, 19, 61, 32
33, 3, 4, 5, 9, 41, 21, 55, 61, 32
1, 4, 5, 7, 9, 41, 19, 21, 61, 30
1, 3, 5, 6, 42, 50, 20, 25, 27, 61
1, 2, 4, 5, 9, 42, 19, 36, 61, 32
2, 3, 36, 5, 9, 12, 19, 20, 61, 31
3, 4, 5, 9, 42, 57, 48, 19, 20, 21
2, 3, 4, 5, 9, 18, 19, 20, 61, 32
1, 3, 4, 5, 9, 42, 19, 55, 62, 52
66, 3, 4, 39, 9, 18, 36, 54, 61, 32
35, 4, 38, 9, 3, 18, 19, 20, 27, 32
4, 5, 9, 19, 22, 24, 25, 27, 2, 15
3, 5, 8, 9, 15, 19, 54, 27, 59, 4
4, 5, 9, 15, 19, 22, 24, 25, 27, 3
34, 4, 5, 9, 6, 15, 18, 19, 27, 32
34, 4, 5, 9, 19, 20, 22, 25, 27, 31
3, 4, 5, 9, 42, 14, 18, 19, 25, 24
3, 4, 5, 9, 19, 52, 54, 27, 60, 31
3, 4, 5, 70, 14, 18, 19, 25, 27, 63
34, 4, 5, 40, 9, 19, 20, 54, 24, 27
34, 4, 5, 9, 19, 54, 24, 27, 32, 3
34, 4, 5, 9, 44, 16, 19, 20, 27, 3
3, 4, 5, 44, 15, 52, 24, 25, 31, 32
3, 4, 5, 9, 46, 15, 19, 57, 27, 32
3, 4, 5, 9, 15, 19, 54, 27, 60, 61
20, 34, 3, 4, 5, 19, 52, 25, 27, 9
20, 34, 3, 4, 5, 9, 19, 52, 25, 27
3, 4, 5, 9, 45, 46, 14, 51, 27, 60
3, 4, 5, 9, 15, 19, 54, 27, 28, 25
3, 4, 5, 70, 9, 45, 15, 19, 27, 60
3, 4, 5, 38, 9, 16, 54, 25, 27, 59
34, 4, 5, 9, 14, 20, 54, 25, 61, 27
17, 4, 5, 38, 9, 6, 30, 50, 61, 32
3, 4, 20, 9, 48, 50, 54, 69, 61, 32
3, 4, 5, 38, 39, 19, 54, 27, 61, 32
3, 4, 5, 7, 14, 52, 26, 27, 32, 1
3, 4, 5, 9, 16, 17, 27, 28, 61, 25
3, 4, 38, 9, 13, 41, 26, 27, 61, 32
33, 3, 5, 46, 58, 28, 27, 32, 61, 9
3, 5, 9, 61, 20, 24, 25, 27, 28, 29
3, 4, 5, 38, 9, 48, 22, 23, 61, 32
3, 4, 5, 9, 48, 17, 58, 27, 61, 32
34, 4, 5, 43, 14, 20, 25, 58, 27, 61
1, 3, 4, 39, 9, 15, 41, 25, 62, 32
66, 3, 36, 5, 70, 52, 9, 50, 4, 61
3, 68, 5, 9, 15, 17, 58, 27, 29, 50
1, 3, 4, 39, 9, 15, 41, 27, 32, 59
1, 3, 4, 5, 38, 9, 23, 27, 61, 32
1, 66, 3, 4, 5, 9, 14, 27, 61, 25
3, 4, 5, 38, 39, 9, 46, 22, 25, 32
3, 4, 5, 39, 9, 11, 26, 27, 32, 61
1, 4, 5, 48, 17, 68, 23, 25, 27, 28
1, 4, 50, 19, 54, 25, 27, 60, 31, 5
34, 4, 17, 19, 54, 25, 27, 61, 32, 5
4, 5, 19, 20, 21, 23, 57, 61, 32, 9
4, 5, 39, 19, 23, 25, 27, 28, 61, 32
4, 5, 6, 48, 50, 19, 20, 21, 60, 32
4, 5, 41, 19, 23, 61, 32, 21, 28, 1
69, 4, 5, 40, 9, 19, 20, 25, 61, 32
4, 5, 9, 19, 20, 23, 28, 61, 32, 63
68, 5, 9, 19, 4, 23, 27, 61, 63, 32
4, 5, 39, 9, 19, 31, 25, 27, 21, 63
4, 5, 9, 17, 53, 54, 23, 59, 61, 32
4, 5, 9, 44, 20, 25, 27, 29, 63, 32
4, 5, 9, 14, 41, 19, 23, 25, 27, 63
34, 36, 9, 48, 18, 19, 4, 27, 31, 32
34, 5, 9, 44, 19, 21, 54, 61, 32, 15
65, 4, 7, 14, 15, 19, 25, 27, 61, 62
4, 5, 50, 19, 20, 25, 58, 28, 23, 31
4, 9, 51, 19, 20, 22, 25, 27, 61, 32
4, 5, 9, 57, 19, 20, 25, 63, 32, 31
15, 4, 5, 18, 19, 21, 57, 27, 31, 25
1, 4, 5, 70, 39, 9, 18, 19, 57, 58
1, 4, 9, 11, 15, 19, 22, 23, 25, 61
1, 34, 4, 5, 9, 15, 19, 21, 27, 29
1, 4, 5, 70, 7, 9, 19, 25, 26, 21
1, 4, 5, 11, 19, 21, 22, 25, 26, 27
33, 4, 15, 9, 18, 21, 25, 69, 27, 19
1, 34, 4, 5, 11, 19, 21, 27, 29, 9
1, 34, 5, 11, 19, 21, 22, 25, 27, 4
4, 5, 11, 19, 21, 56, 25, 32, 1, 15
1, 4, 5, 9, 11, 19, 21, 25, 27, 32
1, 4, 5, 9, 11, 18, 19, 21, 57, 31
1, 34, 67, 4, 5, 9, 11, 19, 23, 27
1, 34, 5, 9, 11, 19, 21, 22, 25, 27
1, 67, 4, 5, 9, 19, 20, 21, 25, 29
1, 34, 5, 9, 18, 21, 25, 27, 19, 4
1, 4, 5, 9, 19, 21, 58, 29, 32, 27
1, 67, 4, 9, 11, 18, 19, 21, 57, 27
1, 4, 5, 9, 62, 63, 21, 57, 59, 58
1, 67, 5, 70, 22, 15, 52, 54, 58, 27
3, 4, 15, 18, 20, 21, 25, 27, 49, 61
66, 3, 4, 5, 9, 14, 21, 25, 27, 32
3, 4, 5, 9, 44, 14, 15, 21, 58, 61
66, 4, 5, 9, 37, 19, 20, 21, 61, 32
3, 4, 5, 9, 42, 43, 14, 27, 30, 32
3, 4, 5, 9, 19, 16, 58, 27, 61, 32
20, 3, 5, 9, 14, 15, 52, 61, 32, 27
3, 16, 5, 9, 18, 44, 21, 27, 61, 32
52, 3, 4, 9, 14, 64, 21, 25, 27, 32
1, 3, 8, 14, 49, 19, 55, 25, 27, 32
3, 4, 5, 9, 45, 14, 36, 27, 61, 32
3, 5, 38, 9, 11, 21, 25, 27, 61, 32
3, 4, 9, 30, 52, 21, 25, 27, 32, 61
3, 4, 5, 9, 44, 53, 25, 61, 32, 46
3, 4, 9, 14, 52, 21, 25, 27, 61, 32
3, 5, 9, 42, 44, 46, 54, 25, 61, 32
3, 4, 5, 9, 14, 21, 25, 61, 30, 32
1, 3, 8, 49, 19, 20, 58, 27, 61, 32
4, 5, 38, 9, 14, 26, 32, 61, 31, 64
66, 3, 5, 9, 44, 46, 15, 54, 61, 32
4, 8, 40, 19, 36, 54, 66, 27, 61, 32
4, 5, 42, 44, 18, 19, 57, 25, 54, 32
33, 4, 20, 42, 44, 17, 19, 25, 61, 31
4, 36, 5, 39, 40, 50, 19, 20, 27, 6
68, 40, 42, 44, 25, 24, 57, 27, 30, 32
4, 5, 42, 19, 20, 54, 59, 61, 27, 53
4, 39, 40, 41, 42, 44, 19, 54, 61, 32
35, 4, 6, 11, 44, 66, 20, 25, 27, 61
4, 5, 40, 42, 44, 24, 25, 27, 61, 32
4, 5, 40, 9, 15, 20, 25, 59, 61, 27
68, 37, 38, 42, 44, 4, 54, 25, 27, 32
4, 36, 14, 15, 18, 20, 57, 25, 61, 32
4, 5, 42, 44, 50, 19, 20, 25, 27, 61
4, 5, 38, 15, 16, 19, 26, 61, 63, 32
4, 37, 40, 9, 42, 44, 54, 27, 28, 32
4, 5, 70, 11, 48, 50, 19, 57, 61, 32
5, 40, 42, 18, 51, 23, 24, 25, 27, 32
68, 5, 42, 47, 44, 14, 22, 25, 37, 32
4, 5, 38, 44, 15, 18, 57, 25, 61, 32
35, 4, 6, 40, 9, 48, 19, 25, 27, 61
3, 5, 9, 46, 19, 25, 27, 61, 32, 4
3, 5, 40, 9, 46, 19, 27, 61, 32, 4
3, 4, 5, 9, 36, 21, 25, 61, 63, 32
66, 3, 5, 39, 9, 42, 44, 25, 32, 27
21, 4, 5, 9, 42, 17, 28, 61, 32, 27
65, 3, 4, 5, 14, 49, 25, 28, 61, 27
3, 54, 5, 9, 44, 50, 26, 27, 28, 29
3, 4, 5, 9, 49, 18, 51, 24, 27, 32
3, 4, 5, 42, 17, 55, 25, 27, 61, 32
3, 5, 9, 46, 18, 27, 37, 68, 61, 32
3, 4, 37, 38, 40, 18, 25, 27, 32, 65
69, 3, 4, 5, 9, 25, 26, 27, 61, 32
3, 4, 5, 9, 21, 23, 56, 25, 61, 32
3, 4, 39, 9, 42, 44, 13, 25, 61, 32
3, 37, 38, 40, 9, 25, 5, 27, 32, 61
3, 4, 5, 38, 51, 25, 26, 27, 61, 32
3, 4, 5, 9, 36, 25, 27, 28, 61, 32
3, 4, 5, 9, 42, 44, 55, 27, 61, 32
3, 5, 38, 9, 44, 25, 27, 64, 61, 32
3, 4, 5, 9, 44, 49, 18, 27, 28, 61
1, 20, 4, 5, 9, 19, 68, 21, 61, 32
1, 4, 5, 39, 9, 19, 53, 21, 48, 32
1, 4, 5, 9, 43, 19, 20, 21, 53, 61
2, 35, 5, 9, 43, 20, 26, 58, 61, 32
1, 47, 4, 5, 6, 11, 19, 20, 26, 9
3, 4, 5, 9, 19, 68, 21, 37, 61, 32
1, 4, 5, 9, 43, 19, 20, 57, 61, 32
3, 25, 5, 9, 43, 19, 57, 26, 61, 32
3, 4, 5, 9, 43, 63, 21, 59, 32, 19
56, 4, 5, 38, 39, 19, 20, 61, 32, 3
3, 68, 5, 9, 13, 15, 23, 59, 61, 32
3, 4, 5, 9, 43, 19, 61, 31, 32, 66
3, 68, 5, 9, 43, 19, 25, 26, 61, 11
1, 4, 9, 13, 16, 20, 21, 26, 32, 19
3, 5, 70, 9, 45, 19, 23, 59, 61, 32
3, 5, 6, 9, 43, 19, 21, 61, 32, 56
3, 6, 9, 43, 35, 5, 25, 58, 61, 32
66, 3, 68, 5, 9, 45, 19, 20, 26, 32
3, 68, 5, 9, 43, 19, 57, 26, 61, 32
3, 68, 18, 9, 11, 45, 25, 27, 61, 32
3, 4, 5, 43, 15, 17, 50, 57, 61, 32
3, 4, 5, 9, 56, 42, 19, 20, 27, 29
3, 4, 5, 9, 46, 16, 19, 20, 25, 61
3, 4, 5, 9, 46, 48, 19, 20, 25, 32
2, 4, 5, 9, 46, 19, 20, 27, 61, 32
3, 4, 5, 9, 14, 15, 28, 67, 32, 27
3, 4, 8, 9, 44, 19, 25, 27, 61, 32
3, 5, 9, 43, 15, 19, 25, 61, 32, 7
3, 4, 5, 9, 14, 46, 19, 20, 56, 29
3, 5, 70, 4, 9, 11, 17, 25, 61, 32
3, 4, 5, 9, 12, 14, 20, 23, 25, 27
3, 4, 5, 70, 9, 11, 46, 19, 27, 61
3, 4, 5, 9, 15, 25, 26, 27, 61, 32
3, 4, 5, 7, 9, 46, 58, 28, 63, 32
20, 3, 35, 5, 9, 15, 4, 24, 61, 32
3, 4, 5, 9, 11, 46, 48, 56, 25, 61
3, 4, 5, 9, 11, 46, 19, 20, 61, 15
3, 4, 5, 9, 43, 44, 19, 20, 27, 31
33, 3, 4, 5, 9, 47, 48, 56, 25, 32
3, 4, 5, 9, 15, 48, 20, 47, 27, 60
27, 4, 5, 39, 9, 48, 50, 19, 58, 61
1, 4, 5, 39, 19, 57, 27, 61, 63, 32
1, 4, 70, 39, 40, 9, 19, 58, 27, 5
1, 4, 5, 39, 9, 48, 50, 19, 58, 27
1, 4, 5, 39, 9, 48, 50, 19, 58, 27
1, 4, 5, 39, 9, 48, 50, 19, 58, 27
1, 4, 5, 39, 9, 12, 19, 52, 21, 27
1, 4, 5, 39, 9, 12, 18, 19, 58, 32
7, 4, 5, 39, 9, 2, 29, 19, 58, 27
1, 4, 5, 9, 44, 46, 19, 25, 62, 32
66, 3, 4, 5, 39, 9, 13, 61, 62, 69
3, 4, 5, 39, 9, 20, 25, 69, 61, 32
3, 4, 5, 19, 25, 26, 27, 61, 32, 51
3, 4, 39, 9, 18, 38, 20, 25, 62, 32
3, 4, 34, 9, 18, 25, 57, 61, 32, 5
3, 4, 39, 9, 18, 19, 20, 61, 62, 32
30, 4, 5, 1, 46, 19, 57, 58, 32, 9
1, 4, 5, 9, 44, 19, 25, 27, 61, 32
1, 4, 5, 40, 9, 46, 19, 57, 58, 32
66, 3, 4, 5, 39, 9, 18, 19, 61, 32
3, 4, 5, 44, 46, 50, 24, 61, 63, 25
3, 5, 40, 9, 42, 19, 55, 57, 61, 4
3, 4, 5, 9, 50, 20, 57, 26, 28, 32
3, 37, 42, 44, 15, 19, 52, 61, 32, 23
3, 4, 5, 9, 42, 19, 20, 22, 25, 28
3, 37, 40, 9, 42, 44, 15, 19, 61, 32
2, 3, 4, 40, 9, 44, 20, 57, 28, 61
3, 4, 5, 42, 50, 20, 25, 28, 61, 32
34, 4, 37, 9, 15, 19, 20, 57, 28, 32
4, 5, 9, 50, 19, 20, 22, 28, 61, 32
3, 4, 69, 42, 44, 57, 20, 26, 25, 5
3, 37, 42, 11, 44, 15, 19, 23, 61, 32
3, 37, 42, 11, 44, 15, 19, 23, 61, 32
3, 4, 9, 42, 35, 57, 19, 25, 32, 5
3, 4, 5, 9, 42, 52, 23, 25, 28, 32
3, 4, 5, 9, 48, 20, 25, 27, 28, 32
4, 5, 9, 44, 14, 23, 58, 32, 37, 67
33, 3, 5, 9, 50, 19, 21, 23, 57, 25
3, 4, 5, 9, 42, 20, 25, 26, 60, 32
3, 4, 5, 7, 9, 48, 27, 28, 61, 63
3, 68, 9, 15, 25, 4, 54, 24, 57, 27
3, 4, 5, 7, 9, 48, 17, 20, 23, 25
65, 3, 4, 5, 9, 15, 54, 25, 36, 61
3, 4, 5, 9, 46, 41, 54, 25, 37, 61
65, 68, 5, 9, 15, 4, 54, 23, 27, 61
3, 5, 9, 15, 20, 21, 24, 57, 32, 25
65, 3, 4, 9, 41, 52, 25, 27, 32, 14
65, 5, 38, 9, 17, 19, 27, 62, 32, 28
65, 68, 9, 1, 4, 54, 24, 57, 61, 32
65, 4, 9, 15, 19, 54, 18, 25, 27, 5
65, 4, 5, 9, 15, 25, 54, 28, 61, 27
23, 1, 3, 4, 9, 46, 57, 28, 61, 32
65, 3, 5, 9, 48, 41, 25, 27, 32, 28
3, 44, 9, 15, 25, 4, 57, 14, 61, 32
65, 4, 38, 40, 9, 16, 54, 23, 27, 61
3, 4, 5, 7, 9, 1, 20, 23, 25, 37
65, 68, 5, 6, 9, 36, 54, 23, 27, 32
3, 5, 40, 9, 19, 20, 54, 24, 25, 27
65, 3, 4, 40, 9, 48, 54, 25, 27, 32
65, 3, 4, 5, 9, 13, 23, 43, 27, 28
1, 4, 5, 6, 19, 22, 23, 27, 61, 32
3, 4, 5, 14, 15, 19, 57, 26, 53, 32
3, 44, 5, 42, 12, 67, 19, 20, 61, 32
1, 48, 70, 41, 20, 55, 56, 27, 61, 32
1, 4, 8, 19, 20, 55, 59, 61, 32, 46
3, 5, 48, 19, 20, 37, 27, 61, 44, 14
3, 5, 8, 14, 47, 48, 37, 61, 32, 15
3, 37, 6, 8, 48, 19, 27, 61, 32, 42
4, 37, 7, 8, 14, 19, 22, 25, 61, 3
65, 5, 6, 12, 13, 19, 20, 69, 61, 32
33, 4, 70, 41, 19, 20, 30, 68, 32, 49
3, 4, 70, 44, 14, 48, 54, 27, 61, 32
65, 3, 5, 40, 14, 25, 19, 67, 66, 4
3, 4, 70, 41, 44, 35, 17, 57, 31, 32
14, 3, 4, 40, 42, 44, 35, 25, 27, 64
3, 5, 70, 42, 44, 14, 55, 27, 61, 32
3, 5, 42, 12, 19, 20, 55, 27, 61, 32
4, 37, 7, 42, 44, 14, 22, 25, 61, 31
3, 4, 70, 8, 14, 48, 20, 55, 61, 32
4, 5, 46, 20, 57, 37, 27, 61, 32, 42
1, 4, 7, 9, 14, 15, 19, 21, 27, 32
1, 4, 5, 9, 46, 19, 25, 58, 63, 32
3, 4, 5, 38, 19, 20, 21, 27, 61, 32
3, 4, 5, 67, 25, 57, 37, 27, 28, 61
1, 4, 5, 43, 19, 21, 25, 27, 32, 63
3, 4, 5, 9, 19, 21, 25, 27, 29, 65
3, 4, 5, 19, 21, 25, 27, 28, 61, 32
1, 4, 5, 7, 9, 15, 19, 20, 27, 30
1, 4, 5, 43, 14, 15, 21, 27, 28, 32
3, 4, 5, 9, 50, 19, 25, 27, 61, 32
21, 4, 5, 9, 12, 15, 19, 25, 27, 61
3, 4, 5, 40, 9, 46, 19, 21, 32, 28
33, 3, 4, 5, 9, 21, 25, 27, 32, 15
3, 4, 5, 9, 19, 21, 25, 27, 16, 50
3, 41, 5, 38, 9, 11, 14, 68, 61, 32
3, 4, 5, 9, 64, 14, 20, 25, 57, 32
33, 4, 5, 40, 9, 21, 63, 25, 29, 31
33, 4, 5, 9, 21, 25, 27, 31, 64, 19
3, 4, 5, 9, 19, 68, 25, 27, 61, 32
3, 4, 5, 9, 19, 21, 25, 27, 32, 58
3, 70, 9, 42, 44, 15, 17, 27, 30, 63
33, 2, 68, 9, 42, 44, 23, 25, 27, 31
3, 70, 7, 9, 42, 17, 25, 27, 30, 52
35, 6, 9, 42, 44, 67, 25, 57, 27, 70
3, 38, 9, 44, 45, 41, 51, 25, 27, 70
3, 70, 9, 42, 11, 44, 25, 27, 30, 63
3, 70, 40, 9, 42, 43, 44, 23, 25, 27
3, 70, 9, 42, 44, 25, 27, 30, 63, 17
65, 52, 3, 36, 38, 9, 20, 25, 27, 44
3, 38, 9, 42, 45, 41, 25, 58, 27, 70
3, 44, 9, 12, 16, 25, 26, 27, 29, 48
3, 38, 9, 42, 45, 25, 51, 57, 27, 70
3, 70, 9, 44, 17, 54, 25, 27, 37, 65
65, 2, 68, 41, 42, 44, 25, 27, 29, 63
65, 2, 68, 41, 42, 44, 54, 24, 25, 27
3, 9, 44, 45, 16, 24, 25, 58, 27, 64
3, 36, 70, 9, 42, 45, 41, 51, 25, 27
65, 3, 70, 9, 44, 17, 51, 54, 25, 27
3, 37, 6, 42, 44, 50, 20, 24, 25, 27
65, 36, 70, 42, 44, 15, 57, 54, 25, 27
1, 4, 37, 9, 46, 20, 23, 25, 5, 32
65, 4, 5, 9, 18, 19, 22, 25, 32, 27
65, 1, 35, 4, 5, 70, 19, 27, 61, 18
1, 4, 42, 18, 19, 23, 25, 27, 61, 32
66, 4, 5, 7, 44, 18, 25, 27, 61, 19
2, 4, 5, 44, 50, 20, 25, 27, 61, 9
1, 4, 70, 9, 44, 16, 19, 25, 61, 32
1, 4, 5, 49, 18, 19, 23, 25, 31, 32
1, 5, 44, 18, 19, 23, 25, 61, 32, 39
1, 36, 5, 4, 23, 24, 25, 27, 61, 32
68, 5, 9, 18, 19, 22, 25, 28, 61, 32
2, 4, 39, 34, 9, 44, 19, 20, 25, 27
4, 40, 9, 44, 50, 19, 25, 27, 61, 32
4, 9, 42, 44, 18, 20, 57, 61, 31, 32
2, 4, 5, 39, 48, 18, 25, 27, 61, 32
2, 4, 5, 9, 45, 18, 25, 61, 32, 20
2, 5, 38, 46, 48, 18, 20, 57, 61, 32
2, 4, 66, 25, 19, 27, 23, 57, 61, 32
2, 4, 5, 9, 16, 18, 25, 27, 61, 24
2, 4, 5, 6, 41, 44, 14, 27, 61, 32
20, 66, 4, 5, 9, 29, 15, 19, 36, 22
4, 5, 70, 9, 47, 19, 20, 25, 32, 42
66, 4, 5, 9, 13, 19, 20, 27, 32, 16
66, 4, 5, 70, 9, 13, 20, 22, 27, 32
3, 4, 5, 9, 48, 52, 22, 40, 57, 32
70, 4, 5, 6, 9, 16, 20, 54, 56, 61
3, 4, 5, 23, 9, 43, 13, 55, 61, 32
66, 4, 5, 9, 13, 16, 20, 27, 32, 3
33, 4, 5, 9, 43, 49, 46, 3, 61, 32
4, 5, 40, 9, 42, 11, 45, 21, 37, 17
3, 4, 5, 9, 19, 20, 22, 56, 61, 32
66, 3, 4, 5, 9, 15, 19, 52, 54, 61
17, 4, 5, 9, 35, 48, 19, 25, 40, 32
3, 4, 5, 9, 19, 20, 22, 23, 61, 32
66, 3, 4, 5, 9, 13, 16, 20, 27, 32
3, 4, 5, 43, 49, 22, 25, 27, 61, 32
3, 4, 5, 15, 19, 52, 22, 61, 32, 62
4, 5, 70, 9, 23, 15, 21, 55, 37, 43
66, 3, 4, 5, 9, 13, 16, 20, 54, 32
4, 5, 9, 43, 49, 19, 20, 22, 37, 32
3, 4, 5, 9, 44, 19, 25, 69, 27, 31
4, 5, 9, 17, 19, 68, 52, 61, 62, 3
3, 4, 5, 8, 9, 19, 25, 18, 32, 49
3, 4, 5, 8, 9, 19, 24, 25, 61, 32
3, 4, 5, 40, 9, 25, 27, 61, 30, 32
3, 4, 5, 40, 9, 19, 21, 25, 27, 32
3, 4, 5, 40, 9, 19, 21, 25, 27, 32
3, 4, 5, 9, 21, 23, 25, 27, 61, 32
3, 4, 5, 21, 20, 54, 25, 58, 27, 30
3, 4, 5, 40, 9, 19, 25, 27, 32, 61
3, 4, 5, 9, 19, 25, 59, 61, 27, 32
3, 4, 5, 7, 9, 21, 25, 27, 64, 32
3, 4, 5, 9, 25, 57, 58, 27, 61, 64
3, 18, 5, 9, 14, 19, 52, 21, 69, 27
3, 4, 5, 9, 28, 19, 21, 25, 27, 60
3, 4, 5, 9, 25, 21, 57, 27, 61, 30
3, 4, 5, 9, 19, 21, 25, 27, 32, 40
3, 4, 5, 40, 9, 32, 56, 25, 27, 61
33, 4, 5, 7, 17, 25, 15, 61, 32, 9
4, 5, 40, 9, 20, 21, 25, 27, 61, 62
3, 4, 5, 9, 44, 12, 19, 21, 27, 61
3, 4, 6, 9, 15, 19, 21, 61, 32, 56
3, 4, 5, 9, 44, 12, 19, 21, 64, 15
7, 9, 43, 13, 15, 50, 21, 61, 32, 4
3, 4, 5, 20, 21, 58, 27, 63, 64, 43
2, 4, 5, 39, 9, 13, 20, 58, 27, 61
1, 2, 4, 20, 9, 19, 52, 21, 58, 27
3, 4, 5, 9, 42, 15, 27, 61, 32, 22
3, 4, 5, 38, 9, 19, 27, 32, 61, 64
34, 4, 5, 9, 61, 12, 19, 27, 29, 32
3, 4, 5, 38, 9, 15, 16, 19, 21, 54
3, 4, 5, 9, 15, 48, 19, 21, 42, 64
20, 3, 68, 41, 35, 15, 4, 21, 32, 48
20, 34, 4, 5, 9, 43, 13, 52, 61, 32
3, 4, 5, 9, 15, 48, 10, 61, 64, 19
35, 4, 5, 9, 44, 12, 19, 55, 27, 32
1, 4, 5, 7, 42, 19, 20, 21, 58, 32
3, 4, 5, 9, 43, 19, 21, 54, 58, 64
4, 7, 9, 13, 15, 50, 52, 21, 61, 32
35, 4, 5, 9, 3, 48, 18, 19, 61, 32
65, 5, 70, 9, 16, 51, 20, 28, 25, 19
65, 38, 9, 48, 18, 54, 25, 58, 27, 28
3, 5, 7, 9, 42, 19, 20, 25, 27, 29
65, 35, 36, 5, 9, 20, 25, 27, 64, 70
1, 20, 5, 9, 19, 52, 53, 25, 27, 44
3, 36, 5, 46, 18, 19, 20, 29, 34, 58
65, 3, 68, 5, 41, 9, 53, 25, 58, 30
66, 3, 51, 15, 16, 19, 21, 53, 27, 28
3, 5, 9, 42, 17, 19, 53, 27, 29, 1
65, 3, 36, 5, 9, 42, 53, 25, 58, 27
65, 3, 38, 7, 42, 46, 16, 27, 64, 25
65, 3, 7, 9, 42, 19, 25, 27, 29, 64
65, 35, 36, 9, 41, 19, 52, 25, 27, 64
3, 5, 9, 17, 51, 20, 53, 27, 29, 25
1, 3, 5, 9, 42, 19, 53, 58, 27, 25
1, 3, 68, 9, 11, 20, 22, 23, 25, 58
65, 68, 5, 9, 30, 16, 20, 59, 60, 62
65, 3, 70, 9, 14, 19, 1, 27, 64, 41
1, 20, 3, 69, 9, 47, 52, 59, 30, 16
11, 3, 36, 5, 19, 25, 58, 27, 30, 54
1, 4, 5, 9, 14, 49, 50, 21, 25, 32
1, 4, 5, 38, 39, 9, 14, 15, 19, 20
3, 4, 5, 9, 15, 19, 21, 57, 26, 27
1, 4, 5, 70, 9, 14, 49, 19, 23, 61
1, 4, 5, 9, 48, 19, 20, 61, 63, 32
1, 4, 5, 38, 39, 14, 15, 7, 21, 27
3, 4, 5, 39, 9, 18, 19, 23, 57, 32
1, 4, 5, 39, 9, 14, 15, 19, 21, 48
3, 4, 5, 9, 18, 54, 57, 61, 32, 39
1, 4, 5, 9, 15, 50, 51, 20, 21, 32
1, 3, 4, 5, 8, 18, 19, 26, 61, 32
1, 4, 5, 9, 42, 15, 50, 19, 21, 32
3, 4, 5, 9, 14, 15, 57, 27, 63, 1
1, 4, 5, 39, 9, 41, 54, 57, 61, 32
3, 4, 5, 38, 9, 15, 20, 61, 32, 23
1, 4, 9, 15, 20, 21, 54, 58, 61, 32
1, 4, 5, 38, 9, 18, 66, 52, 23, 61
1, 35, 4, 5, 9, 42, 15, 19, 21, 62
3, 4, 5, 9, 18, 54, 57, 61, 32, 21
1, 68, 4, 5, 70, 9, 41, 20, 57, 32
3, 4, 15, 18, 19, 20, 58, 61, 32, 48
1, 4, 9, 11, 15, 20, 27, 61, 32, 17
3, 70, 9, 44, 15, 16, 50, 30, 63, 32
34, 3, 4, 5, 9, 52, 28, 61, 32, 27
2, 3, 9, 50, 19, 20, 27, 61, 63, 32
3, 4, 9, 14, 15, 19, 20, 27, 61, 32
2, 3, 9, 15, 16, 50, 20, 58, 61, 32
3, 4, 70, 40, 9, 16, 26, 61, 29, 24
33, 3, 4, 5, 39, 9, 19, 27, 61, 45
2, 3, 9, 50, 52, 56, 27, 61, 32, 4
1, 4, 7, 9, 11, 19, 52, 27, 61, 32
44, 4, 9, 46, 50, 52, 27, 61, 32, 3
34, 3, 4, 5, 48, 27, 28, 61, 32, 33
3, 70, 40, 9, 14, 15, 52, 27, 61, 32
65, 3, 4, 9, 17, 19, 52, 61, 63, 32
3, 4, 5, 9, 42, 44, 52, 27, 61, 66
33, 34, 3, 4, 56, 27, 28, 61, 32, 9
3, 4, 9, 15, 16, 18, 52, 53, 32, 20
33, 36, 6, 40, 19, 20, 58, 61, 32, 15
2, 3, 7, 9, 11, 20, 27, 63, 32, 61
1, 3, 68, 5, 50, 19, 4, 58, 27, 30
1, 4, 5, 6, 9, 19, 21, 25, 27, 26
1, 4, 5, 9, 42, 18, 21, 29, 64, 19
1, 4, 5, 9, 16, 19, 21, 26, 61, 32
1, 4, 5, 6, 9, 18, 19, 21, 25, 27
1, 4, 5, 6, 9, 18, 19, 21, 25, 27
1, 4, 5, 40, 9, 42, 11, 19, 25, 61
1, 4, 5, 6, 9, 18, 19, 21, 25, 27
1, 67, 4, 5, 9, 42, 19, 25, 58, 27
4, 5, 9, 18, 19, 20, 21, 27, 61, 1
1, 4, 5, 9, 42, 18, 19, 29, 64, 25
1, 4, 5, 6, 9, 49, 21, 25, 27, 19
1, 4, 5, 40, 9, 49, 19, 21, 29, 64
1, 4, 5, 9, 42, 16, 19, 21, 25, 58
1, 4, 5, 6, 40, 9, 18, 49, 21, 25
1, 4, 5, 9, 19, 50, 57, 25, 26, 59
1, 4, 5, 9, 49, 19, 21, 26, 61, 32
1, 3, 5, 9, 42, 19, 20, 58, 27, 30
1, 4, 5, 9, 13, 16, 50, 19, 25, 64
4, 5, 70, 39, 9, 19, 20, 26, 58, 61
34, 4, 5, 13, 15, 25, 27, 61, 32, 21
3, 4, 5, 7, 9, 15, 25, 61, 30, 32
2, 3, 4, 5, 9, 15, 21, 61, 62, 32
34, 4, 5, 9, 15, 25, 27, 61, 32, 31
1, 2, 4, 5, 9, 21, 54, 29, 62, 32
4, 5, 44, 17, 19, 25, 58, 27, 29, 32
1, 3, 4, 5, 9, 15, 27, 61, 32, 41
3, 4, 5, 41, 9, 54, 25, 57, 27, 61
65, 3, 4, 5, 9, 15, 27, 61, 62, 32
1, 4, 5, 9, 13, 20, 25, 27, 51, 32
34, 4, 5, 9, 58, 15, 25, 27, 61, 32
34, 4, 38, 9, 13, 15, 25, 27, 61, 5
33, 3, 4, 5, 9, 70, 21, 61, 62, 31
1, 2, 4, 5, 13, 20, 25, 27, 61, 32
65, 3, 4, 5, 9, 67, 15, 21, 27, 31
3, 4, 5, 9, 44, 35, 15, 54, 27, 31
1, 2, 4, 5, 9, 29, 15, 61, 62, 32
1, 2, 4, 5, 9, 15, 21, 61, 38, 41
3, 4, 5, 9, 44, 35, 15, 54, 61, 41
3, 4, 5, 9, 20, 21, 63, 62, 31, 32
1, 4, 5, 38, 11, 15, 18, 19, 29, 32
1, 66, 4, 5, 18, 19, 22, 57, 61, 32
1, 4, 5, 39, 9, 15, 18, 25, 27, 32
1, 3, 4, 5, 18, 19, 22, 57, 61, 32
1, 4, 5, 11, 49, 18, 19, 25, 32, 27
66, 3, 4, 5, 19, 53, 22, 25, 29, 32
1, 4, 5, 40, 9, 20, 55, 29, 32, 26
66, 4, 5, 9, 18, 19, 25, 26, 67, 61
66, 3, 4, 5, 18, 19, 20, 22, 57, 27
1, 3, 4, 5, 46, 19, 20, 55, 25, 32
1, 3, 4, 5, 18, 19, 22, 55, 57, 32
1, 4, 5, 11, 18, 19, 20, 25, 27, 32
13, 3, 4, 5, 43, 16, 19, 20, 22, 25
1, 4, 5, 11, 18, 19, 20, 27, 29, 32
1, 4, 5, 11, 18, 19, 20, 27, 29, 32
66, 3, 5, 9, 49, 18, 19, 25, 32, 55
65, 3, 4, 9, 19, 23, 27, 18, 32, 1
3, 4, 5, 39, 9, 19, 55, 25, 27, 29
1, 3, 4, 5, 18, 19, 20, 55, 25, 32
1, 3, 4, 5, 18, 19, 20, 55, 25, 32
24, 53, 5, 39, 42, 44, 15, 54, 61, 32
34, 5, 70, 9, 44, 25, 27, 28, 53, 66
33, 34, 8, 9, 44, 48, 27, 61, 32, 16
66, 35, 9, 46, 25, 27, 61, 62, 32, 33
33, 34, 67, 42, 12, 25, 27, 61, 32, 66
33, 34, 67, 5, 9, 48, 54, 27, 61, 32
34, 67, 4, 5, 9, 11, 13, 17, 18, 32
33, 66, 9, 42, 16, 52, 54, 61, 32, 5
34, 35, 5, 9, 42, 46, 18, 22, 25, 27
67, 5, 70, 44, 45, 48, 27, 61, 32, 9
33, 34, 35, 9, 45, 25, 18, 61, 32, 50
33, 66, 70, 52, 42, 44, 49, 61, 27, 32
33, 66, 9, 42, 12, 16, 27, 61, 63, 32
33, 5, 39, 40, 9, 16, 18, 59, 61, 32
33, 66, 67, 34, 9, 44, 25, 27, 61, 32
18, 5, 70, 9, 42, 43, 12, 15, 54, 28
38, 5, 70, 40, 9, 16, 52, 54, 61, 32
34, 5, 40, 9, 16, 18, 25, 27, 61, 32
33, 34, 67, 70, 9, 65, 50, 27, 61, 32
33, 67, 9, 44, 12, 16, 25, 27, 61, 32
1, 3, 4, 5, 40, 19, 21, 25, 27, 62
1, 4, 5, 18, 19, 25, 69, 27, 30, 28
1, 3, 68, 5, 18, 19, 4, 21, 56, 25
1, 34, 5, 13, 18, 19, 25, 58, 27, 59
1, 4, 5, 40, 68, 19, 55, 56, 25, 69
1, 3, 4, 5, 44, 18, 20, 21, 56, 25
1, 3, 4, 18, 19, 20, 21, 27, 62, 8
1, 4, 5, 40, 57, 19, 55, 25, 69, 27
1, 3, 4, 5, 44, 52, 21, 25, 27, 20
1, 66, 4, 5, 15, 17, 21, 25, 59, 64
1, 66, 68, 5, 44, 18, 4, 25, 58, 27
1, 4, 5, 44, 18, 20, 26, 56, 69, 27
1, 2, 4, 18, 19, 21, 55, 57, 25, 27
1, 3, 4, 5, 15, 19, 21, 25, 27, 56
66, 4, 5, 70, 40, 18, 19, 20, 25, 32
1, 4, 5, 39, 44, 52, 21, 25, 69, 60
1, 4, 68, 5, 18, 19, 20, 21, 25, 30
1, 68, 4, 40, 25, 19, 15, 56, 57, 27
66, 4, 5, 40, 44, 15, 13, 19, 20, 26
1, 3, 4, 5, 15, 19, 21, 56, 25, 27
3, 4, 5, 9, 15, 20, 53, 22, 57, 61
4, 5, 9, 44, 19, 20, 21, 22, 61, 6
66, 3, 5, 9, 38, 47, 48, 57, 61, 32
3, 4, 5, 40, 9, 19, 57, 27, 63, 61
67, 4, 5, 9, 3, 15, 42, 21, 25, 27
33, 1, 3, 9, 45, 19, 25, 61, 32, 27
3, 4, 9, 15, 41, 25, 57, 27, 61, 5
20, 4, 5, 12, 3, 15, 19, 21, 27, 61
3, 4, 5, 9, 15, 19, 21, 25, 27, 32
3, 4, 5, 9, 44, 19, 20, 25, 26, 32
3, 4, 5, 9, 15, 19, 25, 27, 28, 41
3, 4, 5, 9, 15, 19, 20, 57, 31, 32
3, 4, 5, 9, 45, 16, 19, 20, 57, 61
3, 4, 5, 9, 15, 25, 19, 21, 57, 61
66, 4, 5, 9, 10, 57, 26, 27, 61, 32
3, 4, 35, 9, 48, 57, 26, 61, 32, 23
3, 4, 5, 9, 19, 20, 26, 57, 58, 32
3, 4, 5, 40, 9, 16, 24, 57, 21, 27
3, 4, 7, 9, 15, 25, 20, 53, 57, 61
35, 4, 5, 9, 48, 17, 20, 61, 63, 15
4, 37, 17, 47, 19, 54, 27, 28, 1, 39
1, 3, 4, 37, 9, 47, 23, 25, 5, 54
1, 4, 5, 9, 42, 18, 19, 24, 25, 22
1, 4, 5, 7, 9, 15, 19, 20, 54, 27
1, 18, 4, 39, 9, 19, 20, 54, 27, 37
1, 65, 4, 5, 9, 13, 15, 54, 23, 37
1, 4, 5, 9, 43, 44, 19, 36, 27, 52
1, 65, 4, 5, 9, 43, 51, 19, 20, 37
33, 3, 4, 5, 9, 45, 18, 19, 20, 25
1, 66, 67, 4, 5, 63, 18, 19, 25, 62
33, 4, 5, 9, 19, 52, 54, 23, 59, 32
1, 33, 4, 39, 9, 19, 20, 25, 27, 5
1, 4, 5, 39, 9, 43, 51, 19, 20, 25
1, 4, 5, 39, 9, 15, 21, 33, 25, 27
1, 66, 3, 4, 5, 9, 19, 20, 54, 27
1, 55, 4, 39, 9, 13, 18, 20, 25, 27
20, 4, 5, 39, 9, 47, 19, 36, 21, 52
1, 66, 67, 4, 5, 61, 19, 21, 25, 70
1, 4, 5, 39, 9, 45, 15, 36, 7, 25
1, 67, 4, 6, 18, 19, 20, 54, 25, 53
65, 34, 3, 5, 9, 54, 23, 27, 61, 32
3, 4, 9, 42, 48, 25, 27, 63, 32, 61
3, 4, 5, 9, 11, 16, 68, 25, 61, 32
1, 5, 9, 43, 45, 14, 23, 27, 61, 32
65, 4, 49, 9, 14, 57, 56, 25, 27, 32
3, 4, 5, 9, 68, 25, 58, 27, 61, 13
3, 4, 5, 9, 11, 52, 25, 27, 32, 7
3, 68, 5, 7, 9, 4, 54, 25, 27, 61
34, 3, 5, 9, 54, 23, 58, 27, 61, 32
3, 4, 5, 9, 45, 54, 55, 25, 61, 63
3, 4, 5, 9, 43, 45, 68, 54, 25, 27
1, 3, 4, 9, 48, 19, 54, 25, 27, 61
3, 4, 5, 7, 9, 32, 58, 27, 61, 68
52, 3, 4, 5, 7, 9, 68, 58, 27, 61
34, 3, 5, 48, 55, 56, 25, 27, 57, 32
3, 4, 9, 43, 52, 23, 27, 63, 32, 1
3, 4, 5, 43, 12, 46, 48, 25, 27, 59
3, 4, 5, 9, 43, 54, 23, 25, 61, 32
65, 34, 9, 48, 54, 23, 27, 61, 32, 25
65, 4, 5, 9, 11, 57, 25, 59, 61, 32
3, 4, 5, 6, 35, 21, 55, 25, 27, 28
3, 4, 25, 9, 12, 21, 27, 28, 29, 61
3, 4, 5, 47, 9, 43, 15, 51, 61, 32
3, 4, 5, 9, 29, 12, 25, 27, 61, 32
3, 4, 5, 9, 49, 51, 25, 27, 30, 32
3, 4, 5, 41, 20, 21, 25, 27, 32, 9
3, 5, 9, 12, 21, 25, 27, 29, 32, 4
3, 4, 5, 9, 12, 25, 27, 61, 32, 41
3, 4, 5, 41, 9, 21, 25, 27, 29, 32
4, 5, 41, 9, 21, 25, 27, 32, 3, 61
3, 4, 5, 9, 12, 35, 25, 27, 61, 30
3, 4, 9, 12, 15, 25, 27, 61, 32, 53
3, 4, 5, 9, 53, 25, 21, 27, 29, 32
3, 4, 5, 9, 13, 25, 57, 27, 28, 32
3, 4, 5, 7, 9, 35, 21, 59, 54, 27
3, 4, 5, 9, 12, 67, 25, 27, 61, 32
3, 4, 5, 9, 12, 15, 49, 51, 25, 59
3, 4, 69, 9, 25, 26, 27, 61, 32, 12
3, 4, 5, 38, 9, 12, 25, 27, 29, 32
3, 4, 5, 9, 12, 20, 21, 25, 27, 32
3, 4, 5, 9, 14, 15, 57, 68, 25, 32
3, 4, 9, 49, 19, 36, 25, 26, 28, 32
33, 3, 4, 6, 9, 49, 50, 25, 58, 61
3, 65, 5, 9, 43, 23, 58, 27, 59, 32
1, 4, 5, 9, 46, 49, 25, 27, 29, 39
3, 4, 5, 9, 67, 21, 57, 26, 32, 39
3, 4, 5, 9, 48, 21, 25, 61, 63, 32
1, 4, 5, 39, 9, 15, 50, 58, 27, 61
1, 3, 4, 9, 14, 48, 68, 25, 27, 32
3, 4, 9, 50, 22, 23, 58, 27, 59, 32
1, 4, 5, 39, 9, 49, 25, 58, 29, 32
1, 4, 39, 9, 26, 25, 58, 27, 61, 32
34, 3, 4, 9, 48, 52, 22, 25, 58, 27
3, 4, 5, 9, 21, 58, 26, 61, 32, 25
34, 3, 4, 40, 9, 43, 49, 20, 53, 32
34, 3, 4, 9, 44, 58, 26, 64, 61, 32
3, 36, 6, 9, 44, 67, 25, 58, 61, 32
3, 4, 5, 9, 43, 49, 25, 59, 32, 36
3, 4, 9, 43, 49, 36, 25, 26, 28, 32
3, 4, 5, 39, 9, 15, 21, 57, 58, 61
3, 4, 5, 9, 14, 19, 20, 26, 61, 62
4, 5, 15, 19, 54, 23, 57, 37, 30, 18
3, 4, 5, 9, 19, 63, 23, 61, 32, 12
3, 4, 5, 32, 42, 12, 19, 20, 26, 62
3, 4, 5, 9, 42, 19, 20, 62, 31, 32
67, 4, 5, 9, 51, 54, 20, 23, 63, 32
3, 4, 5, 9, 35, 19, 20, 57, 62, 32
3, 4, 5, 9, 19, 20, 23, 61, 32, 18
3, 4, 5, 16, 19, 20, 21, 23, 63, 32
68, 4, 5, 9, 42, 51, 20, 54, 32, 61
4, 5, 6, 9, 15, 18, 20, 21, 57, 30
4, 5, 6, 9, 15, 18, 20, 21, 57, 30
3, 4, 5, 9, 47, 19, 54, 28, 32, 29
3, 4, 5, 38, 9, 19, 20, 61, 32, 59
3, 4, 5, 9, 14, 15, 21, 54, 32, 64
3, 4, 5, 55, 9, 42, 19, 20, 23, 37
3, 4, 5, 9, 12, 20, 21, 54, 30, 32
3, 4, 5, 9, 15, 48, 40, 28, 32, 23
3, 4, 5, 9, 47, 15, 17, 54, 63, 32
3, 4, 5, 1, 9, 19, 20, 23, 61, 62
3, 4, 5, 9, 19, 22, 21, 25, 27, 61
1, 3, 4, 5, 9, 29, 21, 25, 27, 61
3, 4, 5, 6, 9, 20, 21, 25, 37, 27
3, 4, 5, 9, 48, 19, 20, 27, 28, 25
1, 3, 5, 9, 10, 50, 19, 23, 32, 4
3, 4, 5, 9, 50, 19, 21, 62, 32, 42
41, 4, 5, 9, 21, 22, 27, 28, 32, 1
1, 4, 5, 48, 19, 20, 61, 30, 37, 25
3, 4, 5, 9, 45, 50, 19, 21, 62, 32
3, 4, 5, 41, 9, 19, 20, 21, 27, 58
3, 4, 5, 9, 50, 19, 21, 61, 32, 20
1, 65, 4, 5, 50, 21, 25, 27, 61, 32
3, 4, 5, 9, 50, 19, 20, 21, 22, 62
66, 3, 4, 5, 19, 20, 25, 27, 32, 57
1, 65, 4, 37, 9, 18, 26, 27, 61, 32
3, 4, 5, 9, 19, 20, 21, 27, 61, 30
1, 3, 4, 5, 9, 21, 22, 57, 61, 32
65, 4, 5, 9, 50, 20, 26, 28, 29, 32
3, 4, 37, 9, 46, 50, 58, 20, 53, 25
1, 3, 4, 5, 9, 45, 49, 27, 61, 32
1, 4, 5, 39, 15, 21, 55, 25, 27, 54
1, 4, 5, 39, 9, 18, 19, 53, 61, 32
3, 4, 5, 24, 9, 47, 19, 15, 37, 54
3, 4, 70, 39, 9, 14, 41, 25, 22, 32
1, 4, 5, 9, 18, 19, 21, 55, 25, 27
1, 4, 5, 9, 50, 19, 52, 21, 37, 61
1, 4, 5, 14, 15, 18, 19, 53, 61, 32
1, 4, 5, 9, 44, 18, 19, 25, 27, 3
3, 4, 5, 9, 18, 19, 25, 37, 27, 32
1, 4, 5, 9, 18, 19, 52, 25, 31, 32
1, 3, 4, 5, 9, 18, 53, 25, 32, 19
1, 4, 5, 39, 18, 19, 53, 45, 27, 32
1, 3, 67, 5, 9, 19, 25, 26, 61, 32
1, 4, 5, 39, 9, 18, 19, 25, 27, 32
1, 4, 5, 39, 18, 19, 21, 25, 61, 9
1, 4, 5, 9, 46, 18, 19, 26, 61, 3
1, 4, 5, 70, 9, 19, 68, 25, 61, 32
1, 4, 5, 40, 14, 15, 18, 19, 54, 32
1, 4, 5, 70, 40, 12, 18, 19, 25, 61
1, 4, 5, 9, 18, 19, 26, 61, 32, 40
1, 4, 5, 40, 9, 15, 19, 21, 62, 64
1, 4, 48, 9, 19, 21, 54, 25, 64, 52
1, 4, 5, 9, 19, 21, 54, 25, 59, 32
1, 4, 5, 9, 15, 19, 21, 54, 25, 64
1, 4, 5, 9, 19, 21, 54, 25, 62, 22
1, 67, 4, 5, 10, 43, 19, 21, 22, 31
1, 4, 5, 9, 21, 22, 27, 59, 64, 31
1, 4, 5, 9, 15, 19, 21, 22, 59, 64
1, 4, 5, 9, 48, 19, 21, 26, 62, 64
1, 4, 5, 9, 15, 19, 68, 54, 25, 27
1, 68, 5, 9, 4, 21, 54, 25, 64, 19
1, 4, 5, 9, 12, 19, 21, 54, 26, 31
1, 4, 5, 9, 19, 21, 54, 25, 27, 28
1, 4, 5, 9, 48, 57, 19, 54, 25, 28
1, 4, 5, 38, 9, 21, 25, 26, 64, 19
1, 4, 5, 9, 19, 52, 21, 25, 59, 64
1, 4, 5, 26, 15, 19, 21, 29, 25, 64
1, 4, 5, 9, 19, 21, 54, 25, 27, 64
1, 4, 5, 9, 19, 52, 21, 23, 26, 64
1, 2, 4, 5, 9, 19, 21, 54, 25, 27
67, 38, 9, 42, 14, 48, 57, 59, 61, 32
5, 9, 42, 44, 19, 20, 23, 59, 61, 32
65, 5, 6, 9, 11, 14, 19, 27, 61, 32
65, 5, 9, 12, 17, 19, 20, 25, 59, 61
33, 5, 38, 9, 42, 44, 19, 23, 27, 61
5, 30, 42, 44, 19, 23, 24, 59, 61, 32
65, 9, 42, 11, 15, 22, 25, 27, 61, 32
44, 9, 42, 12, 15, 17, 55, 25, 61, 32
5, 8, 9, 42, 44, 14, 55, 27, 61, 32
2, 5, 69, 9, 11, 22, 27, 61, 32, 14
65, 9, 42, 44, 25, 23, 57, 59, 61, 32
5, 9, 42, 19, 20, 27, 61, 59, 32, 63
65, 5, 70, 9, 42, 12, 55, 24, 25, 32
65, 5, 70, 9, 14, 23, 25, 27, 61, 32
5, 9, 42, 44, 23, 57, 58, 59, 61, 32
2, 70, 9, 42, 15, 19, 55, 25, 61, 32
65, 5, 9, 11, 44, 22, 25, 27, 61, 32
65, 5, 41, 9, 44, 48, 38, 40, 32, 23
69, 6, 9, 20, 53, 23, 25, 27, 61, 32
36, 6, 40, 9, 19, 20, 55, 58, 61, 32
3, 4, 5, 39, 9, 57, 22, 25, 61, 32
3, 4, 5, 9, 19, 21, 22, 24, 61, 32
2, 4, 5, 9, 19, 21, 22, 25, 61, 64
35, 4, 5, 9, 19, 21, 22, 27, 61, 32
3, 4, 5, 9, 44, 45, 18, 19, 25, 38
3, 5, 9, 13, 19, 20, 21, 22, 25, 64
3, 5, 9, 13, 19, 20, 21, 25, 58, 27
3, 4, 5, 9, 37, 24, 25, 27, 61, 32
3, 4, 6, 9, 52, 21, 22, 61, 30, 32
3, 4, 5, 9, 21, 22, 42, 61, 32, 25
3, 4, 5, 39, 9, 41, 22, 25, 61, 32
66, 4, 5, 38, 39, 19, 20, 21, 27, 37
3, 4, 5, 9, 19, 21, 24, 25, 61, 32
66, 3, 4, 5, 44, 19, 21, 27, 61, 32
1, 2, 4, 5, 9, 19, 21, 22, 61, 32
3, 4, 5, 39, 9, 21, 22, 25, 61, 32
2, 4, 5, 6, 9, 21, 22, 25, 61, 64
70, 5, 38, 9, 44, 18, 19, 25, 58, 61
35, 4, 5, 38, 39, 20, 21, 25, 27, 61
1, 2, 4, 5, 6, 46, 19, 25, 27, 61
3, 4, 5, 9, 15, 19, 25, 27, 61, 32
3, 4, 5, 9, 19, 20, 25, 27, 61, 62
3, 4, 9, 19, 20, 25, 27, 61, 62, 5
2, 3, 9, 18, 19, 20, 25, 27, 61, 32
3, 4, 9, 19, 20, 25, 27, 32, 15, 53
65, 3, 9, 67, 51, 20, 25, 27, 61, 32
3, 4, 9, 15, 19, 20, 25, 27, 61, 32
33, 2, 3, 4, 9, 19, 20, 61, 63, 32
67, 4, 40, 18, 19, 20, 54, 25, 27, 61
3, 4, 9, 65, 19, 20, 25, 27, 61, 32
3, 4, 7, 9, 19, 20, 25, 26, 27, 61
3, 9, 43, 18, 19, 20, 25, 27, 61, 32
2, 4, 9, 19, 18, 51, 25, 27, 32, 61
65, 34, 48, 19, 20, 53, 22, 25, 27, 32
3, 4, 11, 9, 49, 20, 25, 27, 61, 32
3, 15, 48, 19, 20, 53, 22, 25, 27, 31
65, 3, 9, 43, 18, 19, 25, 27, 32, 15
3, 4, 15, 48, 19, 20, 53, 21, 61, 32
65, 3, 4, 9, 51, 18, 19, 27, 32, 61
65, 33, 3, 9, 48, 17, 25, 27, 61, 32
3, 4, 5, 9, 14, 19, 25, 27, 61, 32
4, 5, 8, 9, 49, 19, 43, 27, 28, 32
67, 4, 39, 43, 19, 20, 25, 27, 32, 9
3, 4, 5, 9, 15, 49, 20, 21, 25, 32
4, 5, 9, 46, 19, 20, 25, 27, 32, 6
20, 3, 4, 9, 43, 14, 52, 25, 27, 61
1, 4, 5, 9, 43, 19, 25, 26, 31, 32
3, 4, 5, 46, 49, 19, 20, 23, 57, 27
3, 4, 5, 9, 43, 54, 25, 27, 61, 32
66, 3, 5, 9, 43, 19, 25, 27, 61, 32
3, 4, 5, 6, 9, 19, 20, 25, 27, 32
3, 4, 5, 9, 43, 19, 25, 27, 61, 32
3, 4, 5, 9, 15, 49, 19, 27, 61, 32
3, 4, 5, 6, 9, 56, 25, 27, 61, 1
3, 4, 5, 9, 49, 60, 20, 25, 27, 28
3, 4, 5, 9, 19, 20, 56, 61, 32, 6
3, 4, 5, 40, 9, 45, 21, 32, 27, 14
3, 4, 6, 9, 20, 56, 25, 27, 61, 14
3, 4, 5, 6, 9, 56, 25, 27, 61, 32
3, 4, 5, 9, 15, 56, 25, 27, 20, 61
3, 5, 39, 9, 25, 27, 32, 14, 15, 53
4, 5, 9, 61, 52, 55, 26, 29, 32, 1
35, 4, 5, 39, 9, 51, 54, 27, 32, 3
33, 4, 5, 9, 44, 41, 25, 27, 32, 3
3, 4, 9, 55, 25, 27, 32, 64, 7, 5
33, 5, 39, 9, 21, 25, 69, 27, 61, 32
3, 4, 5, 70, 9, 23, 21, 53, 61, 32
3, 4, 5, 9, 15, 21, 58, 27, 28, 32
66, 35, 4, 5, 9, 15, 18, 27, 61, 32
3, 4, 5, 6, 7, 9, 15, 61, 62, 32
3, 4, 5, 6, 39, 9, 55, 25, 27, 32
3, 4, 5, 38, 9, 21, 55, 53, 61, 32
33, 3, 4, 38, 21, 41, 25, 27, 32, 14
33, 5, 39, 9, 54, 23, 35, 32, 61, 22
66, 3, 68, 5, 9, 55, 25, 61, 32, 54
1, 66, 4, 5, 9, 11, 41, 21, 61, 53
3, 36, 70, 9, 15, 41, 4, 27, 61, 32
3, 4, 5, 70, 40, 9, 61, 25, 27, 52
66, 3, 4, 5, 9, 52, 21, 54, 61, 32
3, 5, 9, 42, 55, 25, 61, 32, 27, 4
1, 4, 39, 12, 19, 25, 27, 61, 59, 32
65, 59, 3, 19, 20, 56, 25, 27, 61, 62
65, 59, 3, 19, 20, 56, 25, 27, 61, 62
33, 3, 5, 12, 14, 48, 20, 69, 27, 32
33, 3, 37, 11, 12, 59, 61, 27, 32, 40
22, 67, 4, 5, 10, 20, 25, 27, 61, 63
2, 3, 37, 49, 25, 27, 64, 61, 32, 59
65, 33, 4, 5, 1, 25, 27, 59, 32, 12
1, 2, 3, 37, 49, 54, 25, 59, 32, 19
1, 69, 19, 20, 25, 27, 62, 32, 49, 33
3, 7, 19, 53, 25, 27, 32, 62, 64, 40
33, 4, 5, 49, 19, 25, 28, 61, 62, 32
65, 3, 19, 20, 56, 25, 27, 61, 59, 32
65, 1, 3, 69, 12, 19, 25, 59, 27, 32
1, 4, 3, 36, 19, 20, 54, 25, 59, 32
66, 69, 12, 19, 20, 54, 25, 59, 61, 27
33, 4, 39, 62, 19, 20, 25, 59, 27, 32
2, 4, 39, 42, 54, 25, 27, 64, 61, 32
66, 4, 38, 40, 10, 12, 36, 25, 32, 70
33, 4, 40, 41, 2, 20, 55, 25, 27, 32
3, 4, 5, 9, 12, 13, 17, 56, 59, 32
4, 5, 9, 43, 58, 15, 19, 32, 61, 64
4, 70, 9, 44, 15, 17, 55, 31, 32, 66
66, 4, 5, 70, 17, 19, 53, 32, 61, 38
4, 5, 6, 9, 3, 17, 50, 19, 61, 32
3, 4, 5, 70, 19, 13, 15, 54, 61, 32
3, 5, 9, 44, 50, 19, 59, 61, 64, 20
3, 36, 5, 9, 44, 15, 17, 19, 21, 32
40, 36, 37, 9, 44, 14, 23, 25, 63, 32
1, 4, 5, 9, 19, 13, 25, 28, 62, 64
66, 4, 39, 9, 44, 13, 18, 19, 61, 64
3, 4, 5, 9, 12, 13, 21, 55, 61, 32
3, 5, 40, 44, 14, 19, 25, 37, 61, 32
3, 4, 5, 70, 9, 19, 20, 59, 15, 32
1, 66, 4, 5, 6, 9, 12, 15, 49, 32
66, 4, 5, 70, 9, 19, 20, 25, 59, 61
3, 4, 5, 9, 14, 24, 20, 61, 32, 12
3, 4, 5, 9, 42, 44, 19, 20, 59, 61
33, 4, 5, 59, 44, 15, 19, 55, 31, 32
1, 4, 5, 9, 12, 20, 23, 56, 57, 61
3, 4, 9, 34, 17, 19, 58, 27, 61, 32
15, 67, 4, 69, 38, 9, 21, 27, 61, 59
67, 4, 9, 3, 15, 17, 21, 27, 61, 32
3, 4, 38, 40, 9, 44, 19, 27, 61, 32
3, 4, 40, 9, 43, 55, 57, 27, 61, 32
59, 3, 4, 37, 38, 42, 19, 20, 27, 62
65, 3, 4, 69, 9, 46, 15, 21, 27, 20
65, 35, 70, 9, 44, 15, 18, 27, 61, 32
3, 4, 37, 19, 20, 56, 27, 61, 33, 55
3, 4, 40, 9, 44, 67, 15, 58, 61, 32
3, 4, 69, 9, 43, 44, 20, 27, 62, 32
3, 4, 70, 9, 42, 21, 20, 27, 61, 32
3, 4, 70, 9, 44, 19, 20, 27, 62, 32
3, 4, 52, 9, 46, 48, 27, 61, 32, 37
3, 4, 69, 9, 48, 18, 27, 61, 32, 70
3, 4, 40, 9, 44, 19, 58, 27, 32, 61
35, 4, 7, 9, 67, 46, 27, 61, 32, 44
3, 4, 70, 9, 44, 21, 57, 59, 61, 38
3, 4, 69, 9, 46, 48, 18, 27, 32, 19
3, 4, 69, 9, 15, 56, 19, 27, 61, 32
3, 4, 70, 41, 42, 46, 9, 21, 29, 32
66, 3, 4, 5, 9, 51, 53, 21, 27, 32
3, 4, 5, 9, 51, 54, 23, 25, 61, 32
3, 4, 70, 41, 42, 14, 16, 52, 25, 27
3, 4, 5, 6, 42, 16, 23, 27, 61, 32
3, 5, 9, 44, 48, 53, 25, 27, 61, 19
3, 4, 5, 9, 25, 26, 27, 61, 63, 32
3, 4, 5, 41, 12, 48, 25, 27, 61, 32
3, 4, 5, 9, 44, 23, 57, 27, 61, 32
34, 3, 4, 5, 9, 49, 26, 27, 61, 32
3, 5, 9, 12, 14, 16, 52, 25, 27, 44
3, 5, 40, 9, 16, 51, 53, 25, 27, 28
3, 4, 5, 48, 49, 53, 25, 27, 61, 69
3, 4, 69, 9, 14, 54, 23, 51, 61, 32
67, 4, 5, 61, 53, 23, 57, 27, 29, 32
3, 5, 38, 41, 67, 16, 49, 9, 61, 32
3, 4, 70, 41, 42, 46, 9, 54, 25, 23
4, 5, 38, 9, 52, 69, 37, 61, 32, 34
3, 4, 58, 38, 9, 44, 15, 53, 61, 64
3, 4, 5, 18, 48, 53, 54, 25, 27, 61
3, 4, 9, 43, 17, 19, 27, 61, 31, 21
4, 5, 15, 17, 50, 21, 25, 57, 27, 31
65, 4, 5, 9, 15, 41, 21, 57, 37, 32
3, 4, 5, 9, 19, 20, 21, 57, 27, 64
67, 4, 20, 40, 9, 18, 19, 21, 26, 31
4, 5, 41, 15, 17, 21, 57, 27, 60, 31
3, 4, 5, 9, 19, 21, 32, 61, 64, 65
66, 4, 5, 9, 18, 19, 20, 21, 60, 61
3, 4, 8, 9, 15, 20, 21, 25, 27, 61
34, 3, 5, 9, 15, 19, 20, 30, 32, 4
3, 4, 5, 9, 57, 20, 21, 25, 37, 32
66, 4, 5, 9, 15, 41, 19, 20, 61, 26
4, 5, 9, 20, 21, 23, 27, 63, 64, 3
3, 4, 5, 9, 46, 15, 41, 21, 27, 60
34, 3, 9, 36, 41, 20, 27, 64, 61, 32
34, 3, 4, 5, 41, 21, 25, 27, 31, 9
3, 4, 69, 9, 19, 20, 55, 61, 30, 32
3, 4, 5, 9, 41, 19, 20, 28, 61, 32
4, 5, 9, 15, 43, 50, 21, 25, 17, 31
66, 4, 9, 15, 17, 18, 21, 16, 61, 13
1, 4, 5, 44, 13, 57, 19, 25, 21, 26
3, 4, 5, 15, 17, 19, 57, 27, 61, 21
1, 4, 5, 6, 13, 17, 18, 21, 48, 27
1, 4, 5, 7, 13, 15, 19, 57, 26, 27
49, 3, 4, 5, 17, 19, 20, 21, 26, 57
1, 4, 5, 14, 15, 18, 19, 20, 27, 17
66, 68, 4, 34, 14, 19, 20, 21, 58, 27
1, 33, 4, 5, 14, 19, 20, 25, 26, 27
67, 4, 5, 6, 15, 19, 57, 27, 61, 32
3, 4, 42, 13, 49, 25, 19, 57, 27, 32
3, 4, 37, 42, 15, 16, 55, 25, 27, 63
3, 4, 5, 7, 15, 18, 19, 25, 26, 45
17, 4, 5, 44, 15, 49, 18, 20, 25, 19
3, 4, 5, 7, 15, 19, 20, 22, 25, 26
66, 4, 15, 49, 19, 20, 57, 31, 32, 26
34, 4, 5, 7, 66, 15, 25, 19, 57, 27
3, 4, 7, 13, 15, 25, 27, 61, 59, 32
4, 5, 70, 7, 15, 16, 57, 20, 25, 28
1, 36, 5, 14, 19, 4, 21, 27, 32, 24
3, 4, 5, 18, 42, 67, 15, 25, 57, 27
3, 6, 9, 14, 52, 25, 27, 31, 32, 44
3, 9, 42, 44, 55, 25, 27, 61, 31, 32
3, 37, 9, 42, 44, 13, 56, 61, 48, 32
3, 5, 9, 48, 54, 25, 27, 32, 61, 64
2, 38, 9, 48, 54, 25, 58, 61, 32, 3
3, 9, 42, 44, 20, 22, 25, 27, 61, 32
2, 38, 9, 42, 44, 20, 25, 58, 61, 32
2, 3, 9, 42, 54, 25, 58, 27, 29, 44
34, 3, 70, 9, 61, 15, 25, 58, 27, 29
3, 40, 9, 16, 54, 24, 25, 58, 27, 61
3, 41, 9, 20, 54, 25, 58, 60, 52, 61
50, 3, 9, 41, 54, 25, 27, 20, 62, 32
3, 68, 9, 42, 48, 20, 25, 27, 61, 31
34, 2, 9, 43, 14, 49, 25, 27, 61, 32
34, 3, 68, 70, 9, 42, 58, 27, 61, 40
3, 5, 9, 46, 48, 54, 27, 64, 61, 32
3, 9, 42, 15, 57, 27, 28, 59, 32, 40
36, 9, 56, 58, 24, 25, 26, 27, 61, 32
2, 3, 68, 39, 9, 20, 25, 58, 27, 29
2, 3, 9, 29, 44, 20, 22, 25, 61, 32
3, 4, 5, 6, 19, 21, 22, 69, 28, 61
33, 4, 5, 9, 44, 19, 20, 69, 61, 21
3, 4, 5, 9, 44, 20, 21, 22, 61, 32
1, 3, 5, 9, 15, 19, 20, 22, 61, 32
4, 5, 27, 50, 19, 20, 21, 26, 61, 32
1, 3, 5, 9, 15, 19, 20, 28, 61, 32
3, 4, 5, 9, 19, 20, 21, 23, 56, 61
3, 4, 9, 17, 19, 20, 21, 61, 32, 44
3, 4, 69, 9, 44, 15, 19, 21, 61, 32
3, 4, 9, 44, 15, 19, 20, 61, 32, 21
1, 3, 5, 9, 15, 19, 20, 22, 61, 32
3, 4, 5, 9, 19, 20, 54, 59, 61, 2
3, 4, 5, 70, 9, 20, 56, 64, 61, 32
1, 3, 5, 9, 15, 19, 20, 54, 61, 32
3, 4, 5, 9, 13, 15, 19, 57, 61, 32
3, 4, 5, 9, 19, 21, 22, 40, 59, 32
2, 3, 4, 5, 9, 44, 19, 54, 26, 61
3, 5, 9, 15, 16, 19, 21, 22, 28, 32
3, 5, 9, 13, 15, 19, 57, 61, 32, 4
3, 4, 5, 9, 44, 19, 20, 54, 37, 28
4, 5, 9, 46, 19, 54, 58, 32, 15, 12
1, 4, 5, 9, 12, 19, 23, 26, 61, 32
3, 4, 5, 9, 42, 67, 23, 58, 61, 62
33, 3, 4, 5, 9, 46, 19, 58, 32, 1
32, 5, 9, 12, 46, 48, 51, 61, 63, 4
3, 4, 5, 49, 19, 20, 27, 61, 32, 1
3, 4, 5, 70, 9, 48, 58, 27, 61, 32
33, 3, 4, 6, 49, 20, 25, 61, 32, 12
67, 4, 5, 9, 20, 54, 23, 25, 32, 1
1, 4, 5, 6, 19, 20, 59, 28, 61, 32
33, 3, 4, 5, 9, 46, 19, 54, 58, 32
33, 3, 4, 9, 19, 20, 28, 61, 32, 51
33, 3, 4, 9, 46, 19, 21, 25, 42, 32
3, 4, 26, 68, 20, 27, 61, 32, 25, 9
1, 36, 67, 4, 5, 9, 19, 42, 53, 32
1, 4, 5, 9, 12, 16, 19, 59, 61, 32
3, 4, 5, 9, 25, 26, 28, 61, 32, 42
3, 4, 5, 9, 15, 51, 58, 61, 32, 46
3, 4, 9, 49, 51, 20, 25, 61, 63, 32
1, 4, 5, 9, 12, 19, 23, 58, 61, 59
3, 4, 5, 6, 11, 19, 27, 61, 32, 25
3, 4, 5, 70, 14, 15, 20, 25, 32, 19
3, 4, 5, 9, 14, 15, 19, 20, 25, 32
3, 4, 5, 9, 14, 13, 27, 28, 61, 31
65, 4, 5, 9, 45, 25, 27, 61, 32, 46
3, 4, 5, 9, 13, 14, 19, 27, 30, 20
4, 5, 6, 41, 42, 18, 19, 20, 61, 46
65, 5, 38, 9, 46, 17, 21, 61, 32, 27
3, 4, 6, 9, 19, 20, 53, 25, 28, 61
3, 4, 5, 7, 9, 44, 25, 27, 61, 32
3, 4, 5, 9, 11, 19, 25, 27, 61, 32
3, 4, 5, 9, 19, 20, 56, 25, 26, 27
3, 4, 9, 6, 11, 19, 25, 27, 32, 34
4, 5, 9, 42, 14, 41, 19, 21, 56, 61
4, 5, 9, 45, 13, 15, 27, 30, 31, 32
3, 8, 5, 14, 19, 20, 56, 25, 61, 32
3, 4, 64, 9, 19, 25, 26, 27, 61, 32
35, 5, 9, 14, 48, 20, 25, 58, 27, 30
3, 4, 5, 9, 13, 14, 19, 55, 61, 32
3, 4, 5, 14, 19, 20, 56, 25, 61, 31
3, 4, 5, 18, 19, 54, 25, 26, 61, 64
20, 3, 4, 5, 9, 19, 68, 25, 61, 31
1, 4, 5, 9, 25, 64, 61, 31, 32, 19
4, 5, 9, 46, 19, 20, 26, 30, 32, 27
1, 3, 4, 29, 14, 19, 20, 25, 61, 32
4, 3, 68, 5, 9, 17, 20, 54, 61, 63
20, 66, 3, 4, 5, 9, 19, 68, 25, 32
3, 4, 5, 18, 19, 20, 26, 61, 63, 32
1, 4, 5, 9, 19, 64, 23, 25, 26, 29
20, 3, 36, 5, 9, 45, 19, 4, 25, 26
3, 68, 5, 9, 17, 20, 25, 61, 32, 4
3, 4, 9, 51, 15, 49, 19, 23, 61, 64
1, 4, 5, 9, 42, 44, 19, 27, 61, 32
3, 4, 9, 19, 20, 21, 25, 26, 29, 32
1, 67, 5, 9, 12, 14, 19, 27, 28, 32
3, 11, 9, 49, 19, 20, 25, 61, 32, 54
3, 4, 5, 9, 46, 67, 21, 25, 61, 32
44, 4, 9, 19, 20, 21, 23, 25, 61, 32
3, 4, 39, 9, 19, 20, 23, 25, 1, 51
67, 68, 5, 9, 12, 14, 19, 26, 61, 32
1, 4, 5, 70, 9, 42, 45, 25, 61, 32
2, 4, 5, 9, 44, 18, 19, 59, 61, 32
2, 4, 5, 9, 44, 19, 25, 27, 32, 45
1, 4, 5, 70, 9, 18, 19, 25, 61, 32
1, 2, 4, 5, 9, 44, 19, 20, 25, 27
34, 3, 5, 9, 42, 48, 27, 61, 32, 59
4, 9, 19, 21, 25, 14, 27, 32, 53, 3
3, 4, 9, 44, 70, 37, 25, 59, 27, 32
3, 37, 70, 9, 42, 48, 19, 25, 27, 32
1, 3, 5, 9, 42, 48, 19, 30, 61, 32
34, 4, 9, 43, 13, 57, 54, 25, 27, 32
34, 3, 5, 9, 44, 20, 25, 70, 27, 61
1, 3, 4, 9, 45, 19, 25, 61, 32, 59
34, 3, 9, 42, 25, 58, 27, 61, 32, 5
35, 4, 5, 67, 14, 52, 40, 27, 61, 32
34, 4, 70, 9, 18, 68, 25, 27, 61, 32
4, 5, 9, 43, 19, 53, 57, 23, 27, 32
15, 4, 5, 70, 9, 42, 45, 25, 61, 32
1, 37, 70, 9, 42, 44, 16, 27, 32, 61
3, 4, 5, 9, 43, 51, 20, 54, 58, 28
67, 4, 5, 9, 19, 20, 22, 56, 27, 64
1, 4, 5, 9, 50, 19, 23, 25, 26, 64
1, 25, 4, 5, 9, 19, 52, 22, 64, 32
1, 4, 5, 9, 59, 19, 23, 25, 26, 61
1, 4, 5, 9, 22, 23, 56, 61, 63, 32
1, 68, 4, 5, 9, 19, 20, 22, 59, 18
1, 4, 5, 18, 9, 50, 19, 68, 26, 64
33, 4, 5, 18, 19, 20, 25, 26, 61, 32
1, 4, 5, 9, 25, 49, 20, 23, 61, 32
1, 4, 43, 15, 18, 20, 23, 61, 57, 9
1, 3, 5, 19, 20, 23, 57, 61, 64, 4
1, 4, 5, 10, 46, 49, 20, 23, 61, 32
1, 4, 9, 47, 48, 18, 19, 25, 26, 64
1, 5, 6, 9, 18, 19, 69, 27, 59, 20
33, 4, 5, 18, 19, 20, 23, 61, 32, 26
1, 5, 6, 41, 12, 18, 19, 25, 57, 26
1, 4, 5, 9, 43, 49, 20, 23, 61, 32
4, 5, 70, 44, 19, 20, 57, 27, 64, 50
36, 4, 5, 9, 57, 19, 25, 26, 61, 63
1, 4, 5, 9, 18, 19, 20, 22, 25, 59
3, 4, 5, 6, 9, 17, 56, 61, 32, 27
3, 4, 5, 6, 9, 52, 27, 61, 30, 32
3, 5, 9, 14, 16, 19, 27, 56, 32, 4
3, 4, 5, 9, 14, 15, 17, 56, 61, 31
3, 4, 5, 9, 15, 51, 54, 23, 24, 27
3, 4, 5, 6, 18, 20, 54, 45, 61, 32
3, 4, 9, 45, 41, 25, 61, 30, 32, 27
3, 4, 9, 14, 17, 56, 48, 58, 61, 32
3, 4, 5, 9, 14, 15, 2, 54, 18, 32
3, 4, 5, 9, 15, 41, 53, 56, 61, 18
3, 4, 5, 9, 15, 52, 25, 27, 32, 45
65, 33, 4, 5, 70, 9, 46, 54, 27, 32
3, 4, 5, 9, 42, 50, 19, 48, 61, 32
3, 4, 5, 9, 42, 43, 23, 25, 27, 30
1, 3, 5, 9, 6, 14, 66, 23, 61, 32
3, 4, 5, 6, 50, 19, 54, 27, 61, 32
3, 4, 7, 9, 12, 15, 25, 61, 30, 32
3, 4, 5, 6, 45, 33, 54, 27, 61, 30
65, 3, 4, 5, 9, 15, 25, 27, 30, 32
3, 4, 5, 6, 9, 19, 27, 61, 32, 7
4, 69, 9, 13, 15, 51, 20, 25, 5, 61
4, 5, 9, 42, 47, 51, 22, 61, 31, 18
1, 5, 39, 9, 42, 19, 21, 24, 25, 61
1, 4, 42, 43, 12, 49, 18, 19, 58, 27
4, 39, 9, 42, 15, 19, 20, 21, 26, 61
4, 5, 41, 15, 17, 9, 19, 57, 61, 27
4, 5, 41, 15, 17, 9, 19, 20, 25, 61
3, 4, 5, 9, 20, 21, 27, 61, 25, 41
4, 5, 9, 44, 49, 18, 21, 27, 60, 29
52, 3, 4, 9, 17, 19, 20, 21, 27, 61
3, 5, 9, 12, 45, 15, 49, 18, 19, 27
34, 4, 5, 9, 13, 49, 19, 57, 61, 3
4, 5, 9, 46, 15, 49, 51, 26, 27, 61
3, 9, 42, 12, 14, 18, 20, 27, 61, 62
34, 4, 5, 9, 47, 48, 18, 19, 57, 61
1, 4, 9, 43, 24, 57, 27, 61, 31, 25
4, 69, 39, 9, 15, 51, 25, 5, 61, 31
4, 5, 9, 19, 15, 49, 51, 20, 60, 29
69, 67, 5, 41, 3, 15, 14, 53, 21, 27
29, 4, 41, 10, 12, 49, 9, 25, 27, 61
65, 4, 5, 9, 15, 16, 21, 57, 61, 32
34, 4, 5, 9, 44, 15, 21, 25, 27, 32
3, 4, 5, 9, 44, 48, 24, 25, 27, 32
3, 9, 43, 45, 15, 52, 21, 25, 61, 30
3, 9, 43, 45, 15, 52, 21, 25, 61, 30
34, 58, 5, 9, 52, 21, 24, 25, 27, 32
3, 4, 5, 9, 14, 21, 57, 27, 61, 32
4, 70, 9, 44, 14, 47, 34, 21, 17, 53
65, 4, 5, 9, 15, 47, 20, 21, 54, 25
4, 9, 43, 18, 21, 25, 26, 27, 28, 61
4, 7, 9, 43, 18, 21, 25, 27, 28, 61
2, 3, 4, 5, 9, 12, 19, 20, 68, 61
2, 3, 4, 5, 9, 12, 19, 20, 68, 61
37, 5, 9, 43, 15, 4, 25, 27, 61, 64
3, 4, 5, 6, 9, 45, 15, 22, 30, 32
2, 3, 4, 5, 9, 68, 19, 20, 57, 61
67, 4, 5, 43, 45, 52, 21, 25, 61, 53
67, 5, 9, 42, 43, 15, 64, 61, 32, 3
3, 4, 5, 9, 14, 45, 19, 23, 22, 55
3, 5, 9, 44, 48, 21, 25, 61, 30, 32
1, 4, 17, 9, 45, 19, 21, 61, 32, 5
3, 5, 16, 50, 19, 21, 61, 32, 9, 35
1, 4, 5, 40, 9, 19, 54, 25, 37, 61
1, 4, 5, 40, 11, 50, 21, 25, 37, 61
1, 3, 5, 42, 49, 19, 54, 61, 32, 4
1, 3, 4, 5, 9, 19, 54, 28, 61, 57
1, 4, 5, 9, 19, 22, 23, 61, 63, 3
1, 3, 4, 5, 50, 9, 45, 23, 61, 32
1, 4, 5, 42, 49, 22, 23, 61, 54, 32
1, 65, 4, 5, 40, 16, 19, 22, 23, 25
4, 5, 70, 40, 9, 19, 22, 56, 61, 30
3, 5, 9, 42, 16, 19, 37, 48, 32, 1
4, 5, 70, 40, 9, 19, 25, 61, 30, 7
1, 3, 5, 40, 9, 11, 50, 61, 32, 4
65, 1, 4, 5, 38, 45, 20, 21, 61, 32
1, 65, 4, 5, 40, 9, 16, 18, 22, 32
1, 33, 3, 5, 9, 42, 48, 19, 61, 32
1, 4, 5, 9, 42, 19, 54, 23, 61, 32
1, 3, 5, 49, 50, 19, 21, 22, 23, 32
1, 4, 5, 40, 42, 49, 19, 61, 32, 16
1, 4, 5, 9, 43, 41, 19, 25, 27, 64
3, 4, 5, 9, 43, 18, 19, 25, 58, 27
1, 4, 5, 9, 43, 20, 23, 25, 31, 64
1, 3, 4, 5, 49, 19, 20, 25, 58, 62
3, 4, 5, 9, 19, 20, 23, 25, 58, 36
3, 33, 5, 9, 4, 41, 19, 20, 59, 18
1, 4, 5, 9, 14, 49, 43, 25, 58, 62
4, 3, 36, 5, 9, 49, 18, 19, 20, 59
1, 4, 5, 9, 12, 53, 55, 56, 25, 59
65, 4, 5, 9, 43, 44, 20, 21, 25, 27
1, 2, 4, 9, 43, 19, 20, 53, 25, 60
1, 3, 5, 51, 44, 19, 20, 25, 27, 31
3, 4, 5, 9, 43, 20, 66, 25, 58, 27
1, 4, 5, 39, 19, 20, 54, 55, 25, 31
3, 5, 9, 43, 46, 49, 54, 25, 58, 27
3, 4, 5, 9, 43, 20, 23, 25, 58, 27
3, 5, 9, 49, 19, 53, 23, 25, 58, 27
1, 3, 4, 9, 44, 19, 20, 25, 58, 62
1, 4, 5, 18, 49, 19, 20, 53, 25, 62
3, 4, 5, 9, 14, 20, 54, 55, 25, 60
15, 4, 5, 7, 9, 18, 19, 22, 56, 25
2, 4, 5, 34, 9, 19, 20, 27, 61, 32
3, 4, 5, 13, 19, 20, 25, 61, 32, 7
2, 4, 5, 34, 48, 19, 20, 25, 29, 32
66, 4, 5, 7, 9, 18, 19, 58, 26, 32
66, 4, 5, 9, 48, 19, 68, 27, 61, 29
66, 4, 9, 42, 16, 19, 27, 61, 32, 25
66, 4, 5, 9, 14, 15, 19, 25, 27, 32
66, 3, 4, 45, 19, 20, 25, 27, 29, 32
2, 4, 7, 9, 18, 19, 25, 58, 27, 32
66, 4, 9, 18, 19, 25, 27, 61, 32, 20
66, 4, 2, 9, 19, 20, 25, 27, 61, 32
66, 4, 41, 9, 19, 20, 23, 61, 32, 5
2, 4, 5, 9, 18, 20, 25, 63, 32, 19
66, 4, 5, 9, 45, 20, 59, 61, 32, 19
2, 4, 44, 19, 20, 25, 63, 32, 27, 5
2, 3, 4, 11, 19, 20, 53, 25, 27, 29
34, 4, 5, 29, 11, 19, 25, 27, 28, 61
66, 67, 70, 7, 41, 19, 20, 25, 27, 32
2, 68, 46, 19, 20, 53, 25, 27, 66, 61
4, 5, 70, 9, 42, 18, 19, 27, 28, 32
1, 4, 5, 39, 19, 52, 23, 27, 61, 9
20, 4, 5, 70, 9, 19, 44, 23, 25, 27
4, 42, 39, 9, 48, 19, 25, 27, 61, 32
4, 5, 9, 44, 18, 19, 55, 25, 30, 32
1, 4, 70, 39, 9, 19, 20, 25, 27, 63
4, 5, 9, 44, 18, 19, 20, 25, 64, 32
4, 5, 70, 9, 18, 19, 20, 55, 25, 27
4, 5, 9, 45, 19, 20, 25, 27, 61, 36
4, 5, 70, 39, 18, 19, 20, 25, 61, 32
4, 5, 34, 13, 25, 20, 14, 27, 61, 62
4, 5, 9, 44, 19, 20, 27, 28, 30, 32
1, 4, 5, 23, 9, 19, 55, 25, 27, 61
4, 5, 70, 39, 20, 59, 28, 27, 32, 9
4, 5, 39, 41, 19, 20, 25, 27, 61, 32
4, 5, 9, 14, 19, 20, 17, 27, 61, 32
1, 4, 5, 42, 19, 20, 25, 27, 28, 61
4, 5, 70, 9, 42, 18, 25, 27, 61, 32
4, 5, 41, 42, 19, 20, 27, 29, 63, 32
67, 4, 5, 39, 9, 19, 27, 28, 61, 32
65, 1, 3, 4, 9, 17, 25, 27, 62, 15
3, 4, 5, 15, 49, 19, 25, 27, 32, 9
4, 5, 7, 9, 66, 20, 21, 59, 27, 19
67, 4, 5, 9, 20, 21, 59, 61, 27, 32
34, 3, 4, 5, 7, 9, 19, 20, 26, 28
3, 4, 5, 9, 25, 27, 61, 62, 32, 49
3, 4, 5, 7, 9, 49, 52, 62, 32, 25
65, 3, 4, 7, 9, 20, 21, 27, 61, 32
3, 4, 5, 9, 25, 58, 27, 61, 62, 32
3, 4, 5, 9, 13, 25, 27, 28, 61, 32
3, 4, 69, 40, 9, 20, 54, 25, 27, 61
4, 34, 3, 68, 5, 9, 19, 20, 25, 32
3, 4, 5, 9, 6, 20, 54, 61, 62, 32
3, 5, 9, 44, 15, 21, 24, 27, 32, 4
3, 4, 5, 9, 49, 15, 25, 27, 61, 62
3, 4, 5, 9, 35, 49, 52, 54, 25, 32
3, 5, 9, 44, 19, 20, 28, 61, 32, 4
3, 4, 5, 9, 49, 19, 25, 37, 61, 15
33, 60, 4, 6, 9, 21, 25, 61, 62, 24
3, 4, 5, 39, 35, 21, 25, 27, 61, 32
3, 4, 5, 39, 9, 25, 27, 61, 32, 19
67, 4, 5, 9, 3, 49, 21, 27, 61, 32
66, 3, 4, 5, 39, 9, 55, 27, 62, 32
3, 4, 5, 40, 9, 44, 23, 25, 27, 61
65, 4, 29, 38, 9, 23, 25, 27, 61, 32
3, 4, 5, 9, 44, 13, 16, 49, 61, 38
67, 4, 5, 9, 44, 25, 27, 61, 32, 3
33, 67, 4, 5, 9, 3, 49, 21, 27, 61
3, 4, 5, 9, 44, 22, 61, 30, 32, 27
3, 4, 5, 9, 20, 22, 55, 25, 59, 61
19, 4, 5, 9, 44, 13, 55, 27, 61, 32
3, 4, 5, 9, 44, 45, 23, 27, 28, 63
3, 4, 5, 9, 44, 25, 27, 61, 30, 32
3, 4, 5, 9, 44, 45, 55, 27, 61, 32
66, 3, 68, 5, 16, 4, 21, 23, 27, 61
3, 4, 5, 9, 44, 22, 55, 27, 61, 32
3, 4, 5, 9, 44, 27, 61, 30, 32, 25
4, 5, 70, 41, 44, 48, 9, 27, 61, 32
3, 4, 5, 9, 44, 25, 27, 61, 32, 63
3, 4, 5, 9, 45, 14, 27, 61, 32, 37
1, 3, 5, 9, 19, 21, 26, 61, 32, 4
1, 4, 5, 7, 9, 18, 19, 20, 54, 32
65, 1, 67, 4, 5, 70, 9, 18, 19, 21
3, 4, 5, 7, 48, 18, 19, 66, 63, 32
1, 36, 5, 9, 18, 19, 4, 23, 61, 32
3, 4, 5, 9, 42, 19, 20, 18, 32, 36
36, 4, 5, 9, 11, 47, 16, 19, 23, 43
1, 4, 5, 24, 19, 21, 48, 61, 32, 9
1, 35, 4, 5, 38, 9, 43, 16, 19, 23
3, 4, 5, 9, 67, 19, 20, 21, 61, 32
3, 4, 5, 9, 23, 19, 21, 61, 32, 48
3, 4, 5, 70, 9, 67, 19, 61, 32, 1
1, 3, 4, 5, 9, 43, 16, 19, 23, 33
1, 4, 5, 7, 9, 48, 23, 61, 32, 19
67, 4, 5, 9, 42, 41, 19, 20, 32, 48
3, 4, 5, 9, 19, 20, 21, 26, 61, 32
3, 4, 5, 7, 67, 19, 20, 61, 63, 32
67, 4, 38, 9, 13, 19, 20, 26, 61, 32
3, 4, 5, 9, 48, 19, 20, 61, 32, 58
3, 4, 9, 67, 49, 19, 20, 61, 63, 32
1, 4, 5, 9, 13, 17, 25, 59, 30, 32
1, 35, 4, 9, 15, 19, 22, 25, 26, 27
1, 4, 5, 9, 15, 18, 19, 48, 61, 32
1, 4, 5, 9, 15, 19, 22, 23, 61, 63
1, 4, 5, 8, 15, 19, 21, 61, 32, 27
1, 4, 5, 39, 22, 42, 15, 19, 21, 32
1, 4, 5, 18, 19, 21, 54, 32, 44, 9
1, 4, 5, 9, 44, 15, 19, 21, 54, 32
1, 4, 5, 9, 44, 15, 19, 23, 61, 21
1, 4, 5, 40, 9, 42, 19, 23, 61, 15
1, 35, 4, 5, 9, 19, 60, 25, 61, 43
1, 4, 5, 14, 42, 18, 19, 25, 43, 32
1, 4, 5, 9, 15, 19, 25, 61, 32, 22
1, 4, 5, 9, 15, 19, 20, 27, 31, 23
4, 9, 15, 19, 21, 54, 23, 27, 61, 5
1, 4, 5, 9, 15, 18, 57, 59, 61, 32
1, 4, 5, 9, 42, 15, 61, 63, 32, 50
4, 5, 9, 42, 44, 21, 25, 61, 62, 1
1, 4, 5, 9, 42, 43, 20, 23, 27, 61
1, 33, 5, 7, 15, 19, 21, 56, 26, 32
3, 4, 5, 9, 44, 17, 19, 25, 61, 32
1, 4, 5, 11, 15, 19, 54, 23, 9, 32
3, 4, 5, 9, 43, 17, 19, 25, 27, 61
1, 5, 9, 15, 19, 21, 23, 25, 32, 4
1, 4, 5, 9, 43, 19, 25, 65, 61, 30
1, 4, 5, 9, 15, 19, 21, 23, 25, 32
3, 5, 9, 11, 14, 15, 57, 61, 32, 4
65, 3, 4, 5, 9, 29, 20, 25, 61, 32
3, 4, 5, 9, 68, 15, 17, 25, 61, 32
3, 4, 5, 9, 14, 19, 25, 58, 61, 15
3, 4, 5, 9, 11, 15, 17, 25, 27, 61
4, 5, 9, 17, 18, 19, 55, 25, 61, 32
3, 4, 5, 9, 61, 14, 21, 54, 29, 32
4, 7, 9, 43, 14, 15, 54, 57, 27, 5
1, 4, 5, 23, 9, 17, 19, 55, 61, 62
65, 3, 4, 5, 9, 29, 14, 19, 61, 32
3, 4, 5, 21, 44, 15, 17, 25, 61, 32
3, 4, 9, 43, 29, 15, 19, 27, 61, 7
65, 3, 4, 5, 9, 45, 19, 61, 32, 57
3, 4, 5, 9, 43, 47, 19, 57, 61, 32
3, 37, 8, 44, 13, 15, 25, 27, 61, 32
3, 36, 43, 14, 48, 54, 23, 25, 61, 32
3, 36, 5, 70, 9, 14, 15, 26, 30, 32
3, 5, 70, 9, 12, 15, 25, 58, 27, 32
3, 37, 8, 14, 48, 54, 25, 69, 61, 32
3, 36, 5, 39, 9, 56, 61, 32, 14, 27
3, 37, 20, 39, 9, 45, 48, 27, 61, 32
3, 36, 9, 44, 25, 49, 18, 23, 57, 32
3, 37, 9, 44, 13, 15, 5, 27, 32, 63
3, 5, 6, 44, 13, 15, 25, 27, 61, 32
3, 5, 9, 13, 15, 25, 37, 27, 61, 32
3, 5, 9, 42, 12, 13, 15, 21, 61, 32
3, 36, 5, 9, 15, 48, 25, 27, 63, 64
3, 36, 5, 9, 42, 21, 25, 33, 61, 32
66, 3, 43, 5, 15, 25, 27, 64, 61, 32
3, 5, 9, 12, 14, 15, 16, 55, 61, 32
3, 5, 70, 9, 12, 21, 22, 57, 58, 32
3, 36, 5, 65, 15, 25, 27, 61, 30, 62
2, 5, 6, 66, 14, 15, 57, 27, 61, 32
3, 5, 70, 9, 40, 15, 37, 27, 30, 32
33, 4, 37, 44, 19, 25, 5, 27, 61, 32
3, 4, 37, 44, 67, 19, 20, 25, 5, 32
1, 2, 39, 51, 49, 18, 19, 25, 27, 30
34, 3, 5, 48, 50, 19, 20, 27, 61, 32
33, 4, 19, 51, 20, 25, 27, 61, 32, 18
33, 3, 69, 49, 20, 25, 5, 27, 32, 50
70, 3, 50, 15, 16, 18, 51, 57, 27, 69
1, 36, 4, 69, 50, 19, 20, 25, 27, 32
66, 67, 4, 70, 17, 20, 25, 27, 61, 49
33, 35, 4, 37, 14, 18, 19, 25, 56, 32
34, 35, 4, 17, 20, 25, 27, 61, 32, 19
2, 35, 4, 5, 38, 10, 19, 51, 20, 32
1, 2, 39, 18, 19, 25, 27, 32, 14, 20
3, 37, 14, 17, 18, 19, 25, 69, 27, 61
2, 35, 5, 50, 19, 25, 27, 32, 51, 20
35, 4, 5, 3, 49, 50, 19, 53, 25, 32
2, 35, 10, 15, 18, 19, 25, 27, 32, 50
3, 4, 5, 48, 49, 19, 53, 25, 27, 61
3, 36, 5, 29, 50, 19, 25, 27, 61, 32
2, 35, 10, 18, 19, 20, 25, 27, 31, 51
65, 36, 5, 9, 42, 20, 25, 27, 61, 32
65, 66, 5, 9, 13, 25, 27, 61, 32, 51
67, 39, 9, 12, 15, 54, 25, 27, 61, 32
33, 66, 5, 7, 9, 13, 51, 25, 27, 32
35, 5, 9, 42, 45, 20, 25, 27, 61, 32
65, 66, 67, 5, 9, 62, 25, 27, 61, 32
65, 66, 5, 9, 42, 13, 20, 27, 67, 32
67, 68, 5, 9, 42, 15, 25, 27, 61, 32
65, 68, 37, 9, 25, 5, 27, 61, 32, 67
65, 5, 41, 44, 14, 25, 27, 61, 32, 9
65, 66, 5, 9, 42, 13, 57, 25, 27, 61
65, 39, 42, 48, 25, 58, 27, 61, 32, 9
65, 66, 5, 9, 42, 20, 25, 27, 61, 32
68, 5, 9, 42, 45, 20, 25, 61, 32, 65
65, 67, 36, 39, 9, 42, 25, 27, 61, 32
65, 67, 36, 39, 9, 42, 25, 27, 61, 32
65, 34, 68, 5, 9, 42, 25, 27, 61, 32
34, 11, 5, 66, 9, 36, 57, 27, 61, 32
67, 5, 9, 15, 54, 25, 27, 28, 61, 32
65, 68, 5, 7, 9, 16, 54, 25, 27, 32
2, 3, 7, 9, 42, 15, 18, 19, 25, 27
3, 9, 42, 44, 14, 15, 70, 25, 27, 64
5, 3, 9, 14, 15, 50, 25, 32, 64, 51
3, 37, 9, 42, 11, 23, 57, 58, 27, 32
3, 37, 39, 9, 11, 57, 16, 25, 27, 32
3, 6, 9, 48, 49, 18, 19, 54, 27, 32
2, 3, 40, 9, 42, 64, 54, 25, 27, 32
3, 5, 9, 42, 18, 51, 22, 25, 32, 39
3, 65, 5, 9, 11, 14, 50, 51, 27, 32
35, 68, 8, 9, 11, 13, 25, 26, 27, 3
62, 3, 36, 9, 11, 49, 18, 58, 27, 32
65, 3, 9, 11, 48, 51, 55, 25, 27, 32
3, 37, 39, 9, 43, 35, 25, 58, 32, 13
3, 5, 70, 9, 16, 49, 20, 25, 27, 32
3, 68, 5, 9, 51, 57, 19, 25, 27, 32
65, 3, 9, 11, 49, 18, 22, 25, 27, 32
3, 8, 9, 42, 11, 14, 50, 27, 30, 32
3, 36, 70, 9, 45, 14, 16, 40, 27, 32
3, 38, 9, 28, 44, 14, 15, 25, 27, 32
2, 3, 37, 9, 42, 20, 54, 25, 27, 32
65, 70, 42, 14, 50, 20, 25, 27, 61, 32
34, 35, 37, 42, 44, 25, 27, 32, 61, 64
2, 70, 42, 44, 25, 27, 32, 61, 64, 39
2, 67, 37, 42, 43, 19, 25, 27, 61, 32
2, 70, 42, 44, 23, 24, 25, 27, 53, 32
33, 70, 42, 44, 24, 25, 27, 32, 61, 64
2, 37, 70, 42, 44, 50, 25, 27, 61, 32
33, 2, 70, 42, 44, 16, 56, 25, 61, 32
2, 4, 42, 8, 44, 19, 25, 37, 32, 34
34, 70, 42, 44, 23, 25, 27, 32, 61, 64
34, 6, 42, 44, 48, 58, 27, 32, 61, 38
2, 70, 8, 42, 44, 14, 58, 27, 61, 32
2, 70, 42, 44, 50, 25, 61, 31, 32, 27
2, 3, 70, 42, 44, 14, 25, 26, 61, 32
35, 70, 7, 42, 44, 50, 25, 27, 61, 32
34, 70, 42, 44, 23, 25, 27, 61, 59, 32
67, 70, 42, 44, 14, 50, 25, 61, 31, 8
2, 70, 42, 44, 49, 27, 61, 31, 64, 32
35, 12, 70, 7, 42, 44, 14, 50, 61, 32
33, 70, 42, 44, 50, 24, 25, 27, 61, 32
3, 4, 5, 39, 9, 13, 21, 27, 32, 15
4, 5, 40, 10, 19, 20, 21, 22, 25, 29
3, 4, 5, 29, 14, 19, 20, 28, 61, 30
4, 5, 39, 44, 18, 19, 21, 22, 58, 27
1, 4, 5, 9, 14, 21, 57, 61, 32, 29
3, 4, 5, 38, 9, 44, 25, 27, 61, 32
66, 4, 5, 9, 13, 17, 25, 28, 61, 70
3, 4, 5, 70, 21, 22, 26, 27, 61, 57
1, 3, 4, 5, 19, 20, 21, 61, 32, 9
4, 5, 39, 44, 13, 18, 19, 20, 22, 27
3, 4, 5, 9, 21, 12, 27, 29, 32, 19
3, 4, 5, 19, 20, 23, 57, 27, 61, 9
3, 4, 5, 38, 9, 42, 44, 18, 25, 27
1, 3, 4, 5, 20, 25, 27, 61, 31, 32
3, 4, 5, 9, 19, 20, 22, 27, 28, 32
3, 4, 5, 14, 48, 17, 18, 20, 21, 27
36, 5, 39, 40, 9, 20, 57, 27, 61, 32
3, 4, 5, 9, 57, 22, 25, 27, 29, 32
66, 37, 38, 9, 20, 21, 22, 5, 61, 32
66, 37, 9, 11, 19, 20, 21, 22, 61, 32
1, 34, 4, 5, 47, 18, 19, 27, 25, 9
1, 66, 4, 5, 9, 18, 19, 28, 61, 40
3, 5, 9, 18, 19, 55, 41, 25, 27, 32
1, 3, 4, 5, 9, 19, 68, 25, 69, 32
1, 34, 4, 69, 9, 47, 19, 21, 25, 5
40, 65, 4, 5, 9, 42, 19, 21, 25, 23
1, 36, 5, 9, 19, 4, 53, 22, 28, 30
1, 4, 5, 9, 43, 17, 19, 58, 61, 23
1, 3, 4, 41, 53, 18, 19, 25, 29, 32
1, 65, 4, 5, 18, 19, 39, 25, 61, 32
1, 3, 4, 5, 38, 9, 42, 21, 23, 63
1, 34, 4, 5, 38, 44, 47, 19, 21, 25
1, 4, 5, 39, 40, 9, 15, 18, 21, 61
1, 34, 5, 18, 19, 21, 25, 69, 61, 4
34, 67, 4, 5, 18, 19, 20, 21, 27, 32
1, 4, 5, 9, 48, 19, 58, 57, 67, 61
1, 3, 4, 5, 9, 58, 21, 23, 61, 63
1, 3, 4, 38, 8, 9, 19, 20, 27, 32
1, 34, 68, 5, 70, 9, 47, 15, 21, 25
1, 34, 4, 5, 41, 19, 68, 23, 32, 53
3, 4, 9, 19, 20, 23, 27, 31, 32, 5
3, 4, 5, 9, 19, 23, 61, 32, 39, 63
3, 4, 5, 9, 20, 58, 27, 61, 32, 6
1, 4, 5, 39, 9, 19, 20, 56, 57, 32
3, 4, 5, 9, 49, 19, 20, 54, 30, 1
3, 4, 5, 9, 16, 18, 19, 61, 32, 20
34, 3, 4, 5, 9, 55, 69, 27, 6, 32
3, 4, 19, 68, 54, 23, 27, 61, 32, 9
34, 4, 5, 9, 19, 20, 27, 28, 32, 35
3, 68, 5, 19, 4, 21, 58, 61, 32, 9
66, 3, 5, 9, 19, 20, 54, 58, 27, 32
4, 5, 6, 9, 36, 54, 58, 61, 30, 32
3, 4, 5, 9, 19, 20, 58, 61, 32, 27
3, 36, 5, 9, 68, 18, 19, 4, 2, 32
3, 4, 5, 9, 19, 20, 55, 58, 27, 63
3, 4, 5, 9, 19, 20, 58, 48, 32, 61
18, 4, 5, 39, 9, 46, 27, 61, 32, 34
1, 3, 4, 37, 9, 46, 19, 20, 27, 32
3, 4, 5, 9, 16, 49, 23, 27, 31, 33
3, 4, 5, 9, 19, 20, 55, 57, 27, 32
3, 4, 5, 9, 15, 22, 25, 61, 63, 32
3, 5, 6, 40, 9, 42, 19, 27, 61, 32
3, 4, 5, 6, 9, 42, 19, 27, 61, 14
3, 4, 5, 9, 19, 54, 25, 27, 61, 32
3, 4, 5, 9, 42, 18, 19, 27, 61, 32
3, 4, 5, 40, 9, 11, 25, 27, 61, 32
3, 4, 5, 38, 9, 42, 14, 25, 61, 32
3, 4, 5, 9, 18, 54, 27, 28, 61, 32
3, 4, 5, 9, 11, 54, 25, 27, 61, 32
3, 4, 5, 9, 11, 54, 25, 27, 61, 32
3, 4, 5, 9, 18, 54, 27, 28, 61, 32
3, 5, 6, 9, 41, 25, 27, 61, 32, 4
3, 4, 5, 9, 22, 25, 27, 61, 32, 62
3, 4, 5, 9, 11, 47, 54, 28, 61, 32
3, 4, 5, 9, 15, 22, 25, 27, 63, 69
3, 4, 31, 6, 9, 42, 55, 25, 27, 32
3, 4, 5, 40, 9, 25, 27, 61, 32, 18
3, 4, 40, 9, 11, 19, 25, 27, 61, 32
3, 4, 52, 6, 9, 42, 19, 25, 27, 61
3, 4, 40, 9, 42, 25, 27, 61, 32, 5
1, 4, 5, 31, 15, 18, 19, 25, 27, 43
1, 66, 4, 5, 9, 43, 15, 18, 19, 25
1, 4, 5, 15, 18, 19, 68, 21, 27, 9
1, 4, 5, 22, 9, 11, 18, 19, 15, 25
1, 4, 5, 9, 18, 19, 21, 25, 58, 59
1, 4, 5, 9, 18, 19, 21, 25, 37, 59
1, 4, 5, 7, 9, 15, 18, 19, 43, 27
1, 4, 7, 9, 18, 50, 20, 25, 19, 27
1, 4, 5, 70, 50, 18, 19, 20, 27, 25
1, 4, 5, 38, 9, 15, 18, 19, 25, 27
1, 4, 5, 38, 18, 50, 19, 25, 59, 15
4, 5, 9, 15, 18, 19, 20, 22, 27, 11
4, 5, 38, 9, 18, 19, 36, 21, 23, 25
1, 4, 5, 15, 18, 19, 21, 25, 59, 61
1, 4, 5, 28, 12, 13, 15, 68, 23, 27
58, 66, 4, 5, 14, 18, 29, 54, 27, 19
1, 66, 4, 5, 9, 44, 18, 19, 25, 62
1, 3, 4, 5, 70, 44, 18, 19, 25, 27
1, 66, 4, 5, 9, 44, 18, 19, 25, 27
1, 4, 5, 9, 12, 15, 18, 19, 25, 38
1, 4, 6, 9, 19, 56, 25, 58, 61, 5
3, 4, 5, 9, 48, 19, 25, 27, 61, 15
1, 4, 5, 7, 9, 22, 23, 24, 25, 28
3, 4, 5, 9, 22, 23, 56, 25, 19, 34
1, 4, 5, 9, 17, 21, 24, 27, 61, 32
3, 5, 9, 45, 19, 54, 14, 27, 61, 4
3, 4, 5, 9, 43, 48, 22, 27, 61, 32
3, 5, 9, 64, 22, 24, 25, 26, 27, 61
3, 4, 5, 9, 15, 50, 26, 25, 61, 62
4, 5, 9, 15, 25, 21, 57, 28, 62, 32
3, 4, 5, 9, 45, 20, 54, 27, 29, 32
3, 4, 5, 30, 9, 36, 54, 56, 25, 27
35, 4, 5, 38, 44, 19, 23, 56, 57, 61
3, 4, 9, 20, 51, 25, 26, 27, 32, 5
3, 36, 5, 40, 9, 23, 25, 27, 61, 56
3, 4, 5, 9, 48, 19, 54, 56, 32, 61
3, 4, 5, 38, 9, 54, 23, 25, 61, 32
3, 5, 9, 45, 20, 54, 25, 27, 32, 28
3, 4, 5, 38, 9, 49, 50, 25, 27, 32
3, 4, 5, 9, 50, 23, 56, 25, 61, 32
35, 4, 5, 18, 19, 53, 54, 25, 27, 32
1, 5, 9, 12, 21, 25, 69, 27, 61, 35
1, 3, 5, 9, 19, 25, 27, 61, 32, 12
1, 67, 4, 39, 51, 21, 25, 27, 61, 32
67, 4, 69, 9, 12, 53, 25, 5, 27, 62
1, 3, 5, 9, 19, 51, 25, 27, 61, 32
4, 5, 41, 49, 25, 69, 27, 63, 32, 3
34, 3, 4, 9, 61, 45, 52, 25, 27, 29
3, 5, 9, 14, 15, 49, 20, 26, 53, 27
1, 3, 4, 5, 9, 21, 25, 27, 61, 32
41, 5, 9, 49, 19, 20, 57, 61, 32, 27
18, 4, 5, 9, 49, 19, 20, 25, 27, 59
1, 4, 40, 12, 14, 21, 25, 27, 61, 32
56, 6, 9, 42, 12, 19, 25, 61, 32, 4
1, 52, 5, 9, 49, 19, 20, 21, 26, 27
24, 3, 4, 5, 9, 13, 50, 20, 27, 61
3, 4, 5, 67, 49, 50, 22, 27, 61, 32
1, 4, 13, 14, 19, 21, 25, 27, 61, 32
3, 4, 9, 12, 19, 51, 25, 61, 32, 27
46, 34, 3, 5, 9, 14, 51, 20, 61, 32
3, 4, 5, 9, 15, 19, 20, 21, 28, 38
2, 4, 5, 9, 43, 19, 21, 25, 27, 28
3, 4, 37, 9, 19, 20, 53, 25, 5, 27
2, 4, 5, 9, 19, 20, 25, 26, 27, 3
3, 4, 5, 9, 19, 68, 54, 27, 61, 32
2, 68, 5, 9, 57, 19, 25, 58, 27, 20
3, 4, 9, 11, 19, 21, 25, 27, 58, 61
55, 5, 9, 17, 20, 25, 58, 27, 57, 32
3, 4, 5, 9, 20, 53, 25, 27, 32, 65
2, 4, 5, 9, 14, 17, 20, 54, 25, 27
3, 4, 5, 9, 19, 54, 61, 62, 32, 37
2, 3, 4, 9, 42, 44, 19, 20, 49, 27
3, 4, 5, 9, 44, 20, 53, 25, 27, 64
2, 3, 4, 9, 11, 19, 20, 25, 27, 5
2, 4, 5, 9, 19, 20, 25, 37, 27, 3
45, 4, 5, 9, 11, 19, 56, 25, 27, 20
3, 4, 38, 9, 19, 20, 53, 57, 27, 59
3, 4, 5, 38, 39, 9, 19, 20, 61, 32
3, 4, 5, 9, 12, 19, 68, 25, 64, 20
52, 3, 4, 7, 38, 19, 57, 22, 27, 32
3, 4, 5, 9, 55, 56, 25, 27, 64, 14
51, 5, 9, 14, 4, 53, 25, 27, 18, 50
3, 4, 37, 9, 46, 55, 57, 27, 61, 32
3, 4, 5, 9, 13, 25, 26, 27, 61, 32
3, 68, 69, 20, 14, 15, 57, 37, 27, 64
3, 4, 5, 9, 14, 15, 57, 26, 61, 32
33, 4, 5, 9, 45, 14, 26, 61, 64, 32
37, 3, 6, 9, 14, 52, 57, 27, 32, 61
3, 4, 5, 9, 42, 45, 13, 25, 27, 61
3, 4, 55, 9, 45, 14, 46, 27, 64, 32
33, 3, 9, 57, 55, 25, 37, 61, 32, 45
3, 4, 5, 9, 19, 68, 25, 58, 60, 32
67, 37, 9, 14, 52, 57, 61, 32, 3, 50
2, 67, 6, 9, 45, 14, 46, 37, 61, 32
3, 4, 5, 70, 9, 14, 57, 25, 69, 64
3, 4, 69, 9, 21, 54, 58, 27, 32, 25
67, 5, 9, 46, 19, 56, 25, 61, 32, 27
18, 39, 40, 9, 42, 50, 57, 25, 63, 54
3, 4, 5, 9, 14, 42, 25, 61, 32, 68
33, 3, 34, 69, 9, 45, 25, 26, 32, 61
3, 4, 9, 42, 67, 54, 25, 61, 32, 5
20, 3, 4, 5, 49, 36, 54, 27, 61, 32
3, 4, 5, 9, 12, 67, 23, 27, 31, 32
3, 70, 9, 43, 15, 48, 20, 55, 64, 61
3, 4, 9, 52, 48, 56, 26, 61, 31, 64
3, 4, 5, 9, 67, 22, 25, 27, 61, 32
34, 3, 37, 66, 9, 20, 5, 27, 30, 32
3, 4, 5, 9, 25, 27, 61, 62, 31, 35
3, 4, 5, 9, 12, 54, 24, 25, 61, 32
3, 36, 5, 70, 9, 48, 17, 54, 61, 32
3, 4, 9, 67, 46, 20, 54, 27, 48, 31
34, 3, 37, 66, 46, 5, 27, 28, 61, 9
3, 5, 9, 48, 20, 27, 30, 32, 66, 19
3, 5, 9, 48, 37, 52, 25, 61, 32, 22
3, 4, 5, 19, 20, 22, 23, 6, 61, 32
2, 3, 4, 5, 9, 54, 25, 27, 30, 31
3, 4, 5, 9, 19, 54, 25, 27, 30, 31
3, 5, 9, 17, 22, 24, 32, 61, 54, 25
66, 3, 37, 46, 20, 54, 25, 61, 32, 5
3, 4, 5, 40, 9, 54, 23, 27, 61, 32
3, 4, 38, 40, 41, 56, 25, 58, 61, 32
66, 67, 38, 40, 48, 25, 22, 56, 57, 32
66, 4, 69, 38, 41, 48, 25, 59, 61, 27
66, 69, 38, 40, 48, 25, 22, 56, 57, 32
33, 2, 36, 69, 44, 25, 58, 27, 61, 32
2, 38, 64, 48, 49, 20, 25, 58, 61, 30
2, 4, 69, 38, 49, 25, 57, 27, 61, 32
37, 38, 13, 45, 48, 22, 25, 27, 32, 58
20, 2, 4, 48, 68, 25, 58, 61, 32, 27
65, 2, 4, 48, 50, 25, 57, 58, 61, 32
2, 4, 69, 6, 50, 19, 57, 58, 27, 61
22, 38, 48, 17, 25, 58, 61, 32, 56, 4
20, 2, 4, 40, 48, 36, 25, 58, 61, 32
66, 3, 39, 40, 12, 48, 25, 58, 27, 32
3, 4, 67, 48, 57, 19, 21, 25, 58, 61
66, 40, 48, 21, 22, 23, 57, 16, 61, 32
2, 42, 45, 48, 65, 56, 25, 58, 27, 61
66, 37, 38, 2, 48, 22, 25, 58, 61, 32
33, 65, 40, 42, 48, 49, 25, 27, 61, 32
2, 3, 4, 12, 48, 25, 58, 27, 61, 32
3, 68, 9, 42, 44, 29, 27, 28, 61, 32
3, 6, 9, 42, 44, 17, 25, 27, 32, 37
37, 6, 42, 44, 13, 48, 17, 51, 3, 32
3, 37, 9, 42, 12, 14, 28, 61, 30, 32
67, 37, 6, 42, 44, 13, 25, 61, 38, 32
37, 9, 42, 41, 52, 56, 25, 64, 63, 32
3, 9, 42, 44, 17, 41, 25, 27, 61, 32
3, 37, 39, 42, 44, 20, 25, 27, 61, 32
3, 68, 37, 38, 42, 44, 23, 27, 61, 31
3, 9, 42, 25, 27, 61, 32, 38, 28, 29
3, 68, 40, 42, 44, 17, 25, 27, 61, 32
3, 9, 42, 44, 64, 27, 28, 61, 32, 43
3, 37, 40, 9, 46, 17, 25, 58, 27, 32
3, 37, 9, 42, 12, 14, 25, 27, 61, 32
3, 4, 9, 42, 29, 16, 27, 61, 31, 32
35, 37, 42, 44, 3, 17, 27, 28, 61, 32
35, 9, 42, 3, 53, 27, 61, 30, 32, 25
3, 37, 39, 9, 54, 56, 25, 27, 61, 32
67, 9, 17, 52, 56, 25, 27, 61, 32, 37
3, 68, 40, 9, 25, 27, 61, 59, 43, 54
3, 4, 5, 9, 21, 57, 58, 61, 32, 20
3, 4, 5, 9, 21, 57, 58, 61, 32, 25
3, 4, 5, 7, 9, 25, 21, 57, 59, 32
3, 4, 5, 7, 9, 21, 57, 61, 32, 20
3, 4, 5, 43, 15, 21, 25, 59, 61, 32
3, 4, 5, 43, 15, 21, 25, 59, 61, 32
3, 4, 5, 7, 9, 21, 25, 28, 32, 52
3, 4, 5, 9, 20, 21, 37, 61, 32, 19
3, 4, 5, 7, 9, 20, 57, 26, 61, 32
3, 4, 5, 40, 9, 21, 25, 61, 63, 15
3, 4, 5, 7, 9, 52, 21, 61, 32, 57
3, 4, 5, 9, 43, 20, 21, 57, 28, 32
18, 4, 5, 7, 9, 26, 56, 57, 61, 32
3, 4, 5, 6, 9, 20, 21, 25, 59, 32
3, 4, 5, 15, 18, 52, 21, 25, 61, 48
3, 4, 5, 43, 15, 21, 25, 59, 61, 32
3, 4, 5, 40, 9, 15, 21, 25, 61, 63
3, 4, 5, 9, 48, 50, 51, 21, 28, 32
20, 3, 4, 5, 7, 9, 52, 21, 59, 32
3, 4, 5, 9, 48, 22, 57, 58, 61, 32
1, 4, 5, 44, 15, 51, 52, 21, 37, 28
3, 4, 5, 41, 9, 21, 25, 58, 27, 31
52, 3, 68, 5, 44, 15, 4, 21, 28, 30
3, 4, 5, 9, 44, 48, 19, 54, 25, 27
3, 4, 5, 39, 9, 44, 15, 25, 27, 28
3, 4, 5, 9, 44, 48, 25, 28, 61, 41
3, 4, 5, 9, 11, 44, 16, 25, 28, 63
3, 4, 5, 9, 44, 48, 25, 27, 28, 61
3, 4, 5, 9, 46, 15, 27, 29, 62, 63
3, 4, 5, 9, 44, 15, 21, 22, 25, 27
67, 4, 5, 9, 44, 52, 24, 25, 27, 48
3, 4, 5, 9, 11, 44, 16, 25, 28, 63
1, 4, 5, 9, 44, 15, 52, 21, 27, 68
67, 4, 5, 36, 9, 25, 27, 42, 24, 30
3, 4, 9, 44, 15, 51, 25, 27, 28, 64
3, 4, 5, 9, 44, 54, 25, 27, 63, 48
3, 4, 5, 9, 44, 63, 25, 27, 28, 31
3, 4, 9, 44, 15, 51, 25, 27, 28, 64
3, 4, 5, 70, 11, 15, 21, 27, 28, 61
3, 4, 5, 9, 46, 15, 49, 25, 27, 28
4, 5, 38, 9, 14, 19, 20, 21, 69, 25
3, 4, 5, 9, 43, 19, 25, 26, 27, 64
4, 5, 9, 19, 20, 21, 54, 25, 42, 27
3, 4, 5, 9, 42, 20, 21, 25, 28, 13
3, 4, 5, 70, 9, 19, 53, 25, 27, 60
2, 4, 5, 6, 9, 42, 20, 21, 25, 27
4, 5, 40, 9, 42, 28, 21, 22, 26, 27
3, 4, 5, 9, 42, 20, 21, 53, 28, 30
3, 4, 5, 9, 48, 19, 20, 21, 27, 61
33, 4, 5, 9, 44, 19, 20, 54, 56, 25
35, 4, 5, 9, 44, 55, 25, 26, 27, 60
3, 4, 5, 70, 9, 11, 19, 20, 21, 14
3, 4, 5, 9, 44, 45, 20, 21, 27, 36
4, 5, 38, 9, 20, 54, 57, 63, 22, 19
3, 4, 6, 9, 48, 19, 20, 22, 56, 60
3, 4, 5, 9, 43, 19, 20, 21, 12, 27
3, 4, 6, 11, 12, 20, 21, 22, 45, 27
3, 4, 5, 70, 9, 14, 19, 21, 25, 30
3, 4, 70, 9, 42, 20, 22, 56, 27, 28
3, 4, 5, 70, 9, 42, 46, 48, 20, 67
1, 3, 4, 5, 18, 19, 25, 27, 29, 63
1, 5, 38, 18, 50, 19, 25, 61, 62, 4
1, 4, 5, 35, 15, 19, 54, 25, 61, 69
1, 4, 5, 18, 14, 50, 19, 25, 61, 62
4, 5, 64, 12, 15, 18, 19, 25, 69, 62
1, 3, 4, 61, 21, 25, 27, 29, 63, 35
1, 3, 4, 69, 38, 39, 19, 54, 25, 63
1, 5, 38, 39, 18, 50, 19, 25, 62, 64
1, 56, 4, 5, 6, 14, 20, 67, 63, 54
1, 3, 4, 39, 50, 20, 27, 61, 63, 5
11, 35, 46, 15, 17, 20, 55, 58, 61, 63
1, 34, 5, 39, 41, 50, 24, 25, 61, 63
69, 39, 44, 14, 20, 55, 58, 61, 37, 4
1, 3, 4, 38, 39, 50, 20, 27, 61, 63
1, 3, 4, 5, 12, 13, 54, 27, 61, 22
1, 3, 4, 38, 39, 50, 20, 27, 61, 63
2, 3, 4, 38, 13, 45, 25, 58, 61, 64
1, 5, 39, 69, 18, 19, 25, 61, 62, 63
1, 34, 5, 39, 41, 50, 54, 25, 63, 35
1, 4, 5, 50, 43, 12, 27, 25, 63, 24
