2, 3, 9, 17, 54, 25, 67, 32, 59, 22
66, 3, 5, 42, 50, 25, 27, 61, 32, 7
5, 7, 9, 24, 25, 58, 59, 32, 39, 61
3, 39, 9, 15, 54, 25, 58, 27, 61, 32
52, 9, 46, 21, 25, 27, 30, 32, 22, 42
3, 37, 9, 17, 50, 25, 58, 32, 5, 64
34, 9, 13, 46, 18, 22, 25, 27, 61, 36
34, 67, 9, 46, 18, 22, 25, 27, 61, 32
3, 5, 7, 9, 26, 50, 25, 58, 32, 64
3, 5, 7, 9, 50, 19, 27, 61, 32, 39
3, 69, 9, 11, 67, 50, 25, 59, 27, 32
3, 36, 11, 52, 22, 25, 58, 27, 61, 2
34, 3, 9, 42, 30, 50, 25, 59, 27, 32
34, 67, 9, 46, 33, 54, 25, 61, 42, 32
34, 3, 9, 46, 21, 25, 58, 27, 59, 32
3, 9, 43, 46, 21, 25, 58, 27, 61, 32
3, 9, 11, 52, 22, 25, 27, 61, 43, 69
3, 7, 9, 46, 54, 25, 26, 27, 60, 30
33, 3, 9, 21, 54, 24, 25, 28, 61, 59
65, 3, 45, 35, 48, 25, 27, 28, 61, 32
1, 3, 4, 9, 44, 45, 19, 22, 27, 28
1, 4, 5, 10, 15, 19, 20, 22, 56, 25
1, 51, 4, 5, 6, 9, 44, 17, 25, 27
1, 4, 5, 9, 10, 17, 59, 25, 69, 32
1, 68, 5, 9, 15, 19, 51, 54, 27, 17
1, 4, 5, 38, 9, 44, 17, 52, 25, 45
1, 4, 5, 38, 9, 17, 18, 19, 25, 27
1, 4, 5, 9, 10, 19, 24, 25, 27, 30
1, 4, 5, 9, 14, 41, 19, 22, 25, 27
1, 65, 4, 5, 9, 15, 19, 25, 61, 38
1, 4, 5, 6, 42, 45, 15, 22, 25, 27
66, 3, 4, 5, 17, 54, 19, 55, 27, 28
1, 4, 5, 9, 17, 19, 20, 44, 28, 61
1, 3, 4, 5, 41, 13, 19, 20, 56, 25
1, 3, 4, 5, 45, 15, 49, 25, 27, 28
1, 4, 5, 41, 10, 15, 19, 27, 61, 25
20, 3, 4, 5, 38, 9, 17, 18, 36, 25
1, 4, 5, 38, 9, 45, 15, 55, 52, 25
1, 3, 4, 5, 43, 12, 16, 19, 56, 25
1, 4, 5, 9, 42, 45, 15, 22, 25, 27
4, 5, 9, 43, 41, 19, 63, 25, 31, 32
1, 4, 5, 6, 18, 19, 22, 25, 27, 32
35, 4, 5, 7, 43, 18, 19, 22, 25, 60
1, 4, 5, 41, 43, 19, 22, 25, 27, 21
1, 5, 18, 19, 25, 27, 61, 31, 32, 9
1, 4, 5, 41, 46, 19, 20, 21, 25, 32
1, 4, 5, 6, 19, 21, 22, 25, 27, 32
1, 34, 4, 5, 19, 20, 25, 27, 32, 63
1, 4, 5, 43, 46, 19, 22, 25, 27, 32
1, 4, 5, 14, 18, 19, 20, 25, 27, 32
1, 65, 4, 5, 18, 19, 20, 25, 32, 63
1, 66, 4, 5, 9, 11, 19, 25, 27, 32
1, 34, 4, 5, 19, 36, 23, 25, 27, 32
1, 35, 4, 5, 9, 18, 19, 22, 25, 32
1, 66, 4, 5, 9, 42, 20, 23, 31, 32
1, 5, 15, 18, 19, 20, 55, 25, 37, 32
1, 4, 5, 9, 18, 19, 20, 25, 27, 61
1, 4, 5, 17, 19, 20, 55, 25, 27, 32
1, 4, 5, 41, 18, 19, 25, 27, 61, 64
1, 34, 35, 4, 5, 18, 19, 25, 27, 41
3, 4, 5, 9, 13, 19, 23, 58, 29, 32
3, 4, 5, 6, 48, 50, 19, 59, 10, 32
33, 4, 5, 39, 9, 23, 58, 61, 30, 32
4, 5, 9, 46, 15, 19, 21, 22, 61, 64
4, 5, 9, 46, 15, 51, 19, 61, 40, 58
3, 4, 5, 9, 19, 21, 55, 26, 61, 30
33, 3, 5, 9, 29, 19, 64, 61, 62, 32
3, 4, 5, 41, 9, 21, 54, 32, 61, 64
3, 4, 5, 9, 13, 21, 23, 39, 15, 58
34, 4, 5, 9, 50, 20, 53, 61, 32, 3
3, 4, 5, 9, 50, 19, 22, 23, 29, 32
3, 4, 5, 9, 13, 19, 20, 22, 61, 32
3, 4, 5, 70, 9, 15, 18, 21, 61, 32
33, 4, 5, 9, 15, 20, 22, 61, 30, 32
3, 4, 15, 20, 19, 61, 30, 32, 50, 9
33, 4, 5, 9, 15, 36, 21, 23, 58, 32
3, 5, 9, 19, 64, 61, 62, 32, 4, 15
3, 4, 9, 48, 20, 22, 55, 61, 30, 32
3, 29, 15, 54, 12, 58, 61, 30, 32, 4
3, 68, 5, 38, 15, 19, 4, 21, 64, 32
3, 4, 5, 41, 12, 9, 21, 25, 61, 32
3, 4, 5, 9, 48, 32, 21, 25, 61, 31
3, 4, 5, 41, 50, 51, 21, 9, 61, 32
3, 4, 5, 41, 50, 51, 25, 61, 30, 32
3, 4, 5, 41, 12, 9, 21, 25, 32, 49
1, 33, 3, 4, 37, 9, 50, 41, 61, 5
4, 5, 40, 9, 11, 41, 51, 61, 25, 3
3, 4, 5, 9, 11, 53, 25, 61, 43, 32
3, 4, 5, 9, 41, 51, 21, 25, 61, 32
1, 3, 69, 9, 12, 17, 18, 25, 61, 4
3, 4, 5, 9, 17, 41, 25, 37, 61, 32
3, 4, 5, 9, 41, 51, 21, 25, 61, 31
4, 5, 9, 11, 53, 25, 29, 32, 3, 30
66, 3, 40, 9, 11, 12, 24, 28, 61, 32
3, 4, 5, 9, 41, 25, 37, 61, 32, 50
3, 5, 40, 9, 12, 15, 51, 21, 61, 32
3, 4, 5, 9, 41, 51, 28, 40, 32, 31
3, 4, 37, 9, 17, 41, 25, 61, 32, 5
4, 5, 9, 10, 11, 41, 53, 25, 61, 32
3, 4, 5, 38, 9, 11, 50, 51, 25, 61
3, 4, 5, 9, 13, 15, 48, 19, 20, 25
3, 4, 5, 9, 19, 20, 21, 27, 28, 23
3, 4, 5, 9, 51, 19, 20, 21, 25, 28
3, 4, 5, 9, 51, 19, 20, 21, 23, 33
3, 4, 5, 9, 17, 21, 23, 24, 25, 19
49, 4, 5, 9, 45, 19, 17, 51, 20, 25
3, 4, 9, 13, 51, 19, 25, 27, 28, 31
3, 4, 9, 41, 19, 20, 57, 61, 62, 21
3, 4, 5, 9, 51, 19, 21, 53, 23, 28
3, 4, 5, 40, 9, 19, 21, 22, 23, 28
3, 4, 5, 9, 19, 20, 21, 22, 23, 28
3, 4, 5, 15, 16, 19, 20, 21, 27, 28
3, 4, 5, 40, 9, 19, 21, 54, 23, 28
1, 4, 5, 9, 13, 19, 20, 25, 27, 12
3, 4, 5, 40, 9, 19, 20, 22, 23, 28
1, 4, 5, 18, 19, 23, 25, 58, 62, 3
3, 4, 5, 9, 13, 20, 21, 22, 23, 28
3, 4, 5, 9, 13, 19, 20, 23, 59, 28
3, 4, 5, 9, 42, 21, 54, 23, 27, 28
3, 4, 9, 19, 20, 21, 54, 23, 50, 62
3, 4, 5, 9, 12, 19, 20, 25, 27, 61
3, 4, 9, 19, 51, 26, 25, 58, 61, 5
3, 4, 5, 9, 11, 46, 19, 25, 27, 61
3, 4, 5, 9, 13, 25, 58, 27, 61, 46
66, 3, 12, 5, 9, 15, 56, 57, 26, 61
3, 4, 5, 9, 13, 20, 25, 26, 27, 32
3, 4, 5, 9, 42, 53, 24, 57, 27, 61
3, 4, 5, 9, 20, 57, 26, 27, 61, 30
1, 4, 5, 9, 11, 19, 25, 26, 32, 20
3, 4, 5, 9, 11, 51, 56, 25, 27, 61
34, 4, 5, 9, 48, 20, 25, 27, 61, 32
3, 4, 5, 9, 20, 11, 21, 58, 27, 61
3, 4, 5, 9, 13, 46, 16, 51, 25, 27
3, 4, 5, 9, 48, 20, 56, 27, 61, 7
3, 4, 5, 9, 46, 25, 27, 61, 30, 20
3, 4, 5, 9, 42, 13, 20, 25, 58, 27
3, 4, 9, 11, 17, 19, 57, 26, 27, 32
4, 5, 9, 13, 20, 15, 25, 27, 54, 33
66, 3, 5, 9, 46, 25, 58, 27, 61, 32
43, 4, 5, 9, 42, 48, 20, 27, 61, 3
52, 4, 5, 9, 20, 54, 27, 61, 63, 32
45, 4, 5, 9, 51, 19, 25, 27, 60, 59
4, 5, 6, 9, 20, 54, 61, 63, 32, 29
4, 5, 9, 12, 33, 25, 37, 61, 32, 42
50, 5, 9, 42, 48, 31, 25, 58, 61, 32
66, 4, 5, 42, 12, 62, 19, 25, 61, 32
4, 5, 9, 42, 19, 20, 56, 25, 61, 32
4, 5, 6, 9, 61, 50, 19, 25, 32, 47
4, 5, 7, 9, 12, 48, 56, 58, 27, 32
4, 70, 9, 44, 51, 19, 22, 25, 32, 56
4, 5, 9, 42, 19, 20, 56, 37, 27, 32
4, 5, 9, 42, 19, 20, 56, 25, 27, 61
33, 4, 5, 9, 51, 19, 52, 25, 27, 59
4, 69, 6, 9, 20, 53, 54, 61, 32, 15
2, 4, 5, 43, 12, 19, 53, 56, 25, 27
4, 37, 6, 9, 44, 19, 38, 61, 32, 49
4, 69, 9, 42, 15, 50, 19, 25, 32, 2
4, 5, 6, 9, 42, 48, 43, 61, 32, 12
4, 6, 9, 12, 15, 49, 18, 19, 27, 5
4, 5, 9, 42, 48, 49, 25, 37, 61, 32
1, 35, 4, 5, 9, 19, 24, 25, 61, 32
1, 3, 4, 5, 9, 35, 19, 36, 22, 56
33, 35, 4, 5, 9, 15, 51, 20, 25, 59
1, 35, 4, 5, 9, 19, 15, 51, 20, 25
1, 35, 4, 5, 9, 19, 22, 56, 54, 63
1, 3, 5, 9, 35, 19, 22, 56, 54, 4
33, 5, 38, 9, 15, 19, 21, 54, 61, 3
1, 67, 4, 5, 9, 19, 36, 53, 54, 61
1, 4, 5, 38, 9, 15, 19, 25, 55, 61
1, 3, 4, 5, 9, 19, 22, 55, 54, 23
1, 35, 4, 5, 9, 19, 46, 21, 22, 62
1, 67, 4, 5, 9, 19, 22, 25, 61, 16
1, 35, 4, 5, 9, 67, 19, 22, 25, 54
1, 35, 4, 5, 9, 56, 25, 61, 32, 54
1, 3, 4, 5, 9, 14, 18, 53, 52, 27
1, 4, 5, 9, 42, 19, 36, 53, 54, 61
1, 4, 5, 9, 42, 19, 36, 53, 54, 61
1, 4, 5, 38, 9, 32, 19, 20, 25, 29
1, 3, 4, 5, 51, 19, 14, 28, 61, 25
1, 4, 5, 9, 19, 55, 25, 61, 32, 29
4, 5, 40, 9, 49, 19, 1, 55, 25, 61
4, 5, 8, 9, 50, 19, 20, 22, 27, 61
67, 4, 5, 9, 19, 20, 54, 27, 61, 32
36, 5, 38, 44, 50, 19, 55, 25, 27, 32
20, 4, 38, 69, 19, 68, 54, 25, 27, 61
4, 38, 9, 11, 44, 15, 19, 54, 25, 27
4, 38, 9, 11, 49, 19, 20, 25, 61, 32
68, 5, 9, 44, 20, 25, 26, 27, 61, 54
44, 5, 11, 12, 19, 4, 25, 27, 61, 50
4, 5, 40, 41, 19, 52, 25, 61, 31, 32
4, 5, 9, 11, 44, 20, 25, 27, 61, 32
4, 9, 57, 14, 15, 50, 19, 61, 32, 27
4, 36, 5, 11, 44, 50, 20, 61, 31, 32
4, 5, 9, 11, 49, 19, 20, 25, 27, 61
4, 5, 38, 9, 48, 49, 54, 25, 32, 20
5, 9, 44, 20, 54, 25, 27, 61, 32, 4
20, 4, 70, 8, 13, 52, 27, 29, 31, 32
33, 4, 5, 9, 42, 52, 25, 27, 61, 31
4, 5, 9, 42, 43, 49, 20, 27, 61, 32
4, 5, 9, 16, 43, 49, 20, 27, 61, 32
3, 36, 5, 9, 4, 22, 28, 61, 30, 32
35, 4, 5, 6, 7, 3, 43, 44, 48, 27
3, 4, 37, 9, 43, 19, 5, 27, 32, 44
33, 3, 4, 5, 9, 42, 25, 45, 26, 61
34, 3, 4, 5, 9, 44, 16, 25, 27, 61
3, 69, 9, 43, 29, 55, 25, 27, 4, 61
3, 4, 5, 14, 43, 48, 19, 6, 25, 32
65, 3, 4, 56, 43, 44, 58, 5, 61, 32
65, 4, 5, 40, 9, 44, 25, 58, 61, 62
3, 4, 5, 9, 11, 22, 25, 27, 61, 59
34, 3, 4, 69, 9, 46, 25, 61, 32, 42
31, 4, 5, 9, 59, 55, 25, 27, 62, 32
3, 5, 7, 9, 44, 25, 27, 61, 30, 32
3, 4, 69, 40, 9, 11, 25, 27, 61, 59
33, 3, 4, 6, 9, 43, 27, 61, 62, 32
3, 69, 9, 43, 44, 57, 20, 25, 27, 32
3, 4, 5, 9, 43, 59, 61, 27, 39, 16
3, 68, 5, 9, 15, 25, 58, 27, 29, 32
3, 4, 69, 36, 11, 22, 25, 27, 61, 32
3, 4, 69, 39, 9, 11, 25, 5, 27, 32
4, 5, 9, 44, 19, 53, 21, 27, 61, 3
3, 4, 5, 9, 44, 15, 19, 53, 25, 62
1, 3, 4, 5, 9, 18, 19, 20, 53, 57
3, 4, 5, 9, 44, 41, 19, 20, 61, 32
3, 4, 5, 38, 9, 19, 20, 61, 62, 32
3, 4, 5, 9, 13, 19, 25, 27, 61, 62
3, 4, 5, 9, 44, 49, 20, 25, 61, 62
3, 4, 5, 9, 44, 49, 20, 27, 60, 32
3, 4, 69, 9, 44, 13, 20, 57, 68, 61
3, 4, 5, 9, 44, 49, 20, 25, 61, 32
3, 4, 5, 9, 44, 49, 20, 25, 1, 53
1, 34, 5, 9, 44, 19, 25, 60, 32, 20
3, 4, 5, 9, 44, 19, 20, 58, 30, 32
3, 4, 5, 9, 44, 41, 61, 30, 63, 32
3, 4, 5, 9, 13, 52, 56, 25, 61, 15
3, 4, 5, 6, 9, 15, 41, 27, 61, 32
3, 4, 5, 9, 49, 19, 20, 58, 27, 61
3, 4, 5, 9, 13, 67, 25, 27, 61, 62
3, 65, 5, 9, 18, 19, 20, 53, 25, 30
3, 4, 5, 9, 15, 41, 24, 57, 61, 32
1, 4, 5, 9, 57, 21, 22, 23, 25, 62
1, 4, 5, 9, 19, 52, 25, 28, 61, 32
1, 4, 5, 9, 19, 52, 25, 28, 61, 32
1, 4, 5, 9, 15, 19, 25, 58, 27, 32
3, 4, 5, 9, 43, 45, 20, 25, 27, 32
4, 5, 38, 9, 57, 21, 22, 56, 25, 27
46, 4, 5, 9, 15, 48, 19, 21, 27, 63
4, 38, 9, 15, 50, 22, 57, 25, 27, 5
3, 4, 5, 19, 20, 54, 18, 25, 27, 9
1, 4, 5, 9, 32, 15, 11, 19, 21, 62
3, 4, 5, 9, 20, 23, 25, 58, 27, 28
4, 5, 9, 45, 57, 20, 25, 27, 32, 48
29, 3, 4, 5, 9, 25, 27, 61, 32, 56
2, 3, 4, 43, 15, 20, 56, 58, 25, 9
1, 3, 4, 5, 9, 52, 23, 25, 27, 13
33, 3, 4, 5, 9, 45, 57, 25, 58, 27
4, 5, 9, 45, 14, 19, 68, 27, 28, 32
65, 4, 5, 9, 43, 44, 14, 57, 27, 61
4, 5, 9, 15, 57, 54, 25, 27, 28, 32
1, 68, 5, 18, 19, 36, 58, 27, 32, 50
1, 3, 4, 5, 42, 15, 18, 19, 25, 27
1, 4, 5, 42, 15, 18, 19, 25, 27, 3
1, 3, 4, 5, 42, 15, 18, 19, 25, 27
34, 4, 5, 38, 15, 48, 19, 20, 25, 32
34, 3, 4, 5, 14, 15, 27, 61, 32, 22
33, 3, 69, 15, 19, 21, 5, 61, 32, 4
3, 4, 5, 46, 15, 14, 19, 20, 27, 32
4, 5, 43, 44, 15, 21, 47, 25, 32, 61
34, 4, 5, 38, 19, 20, 27, 61, 32, 15
3, 4, 5, 42, 44, 46, 15, 21, 61, 32
4, 69, 11, 14, 15, 19, 21, 25, 5, 61
4, 5, 38, 14, 15, 19, 20, 21, 54, 32
34, 4, 5, 15, 19, 20, 27, 61, 32, 25
41, 4, 5, 15, 21, 25, 61, 32, 57, 54
4, 15, 19, 20, 54, 23, 27, 61, 32, 69
3, 4, 5, 15, 19, 25, 27, 32, 16, 11
4, 69, 15, 19, 20, 21, 54, 5, 32, 3
3, 4, 5, 44, 46, 15, 25, 27, 61, 32
34, 4, 70, 15, 48, 42, 27, 61, 38, 32
34, 3, 4, 5, 43, 46, 15, 21, 61, 32
3, 68, 42, 44, 13, 53, 25, 27, 61, 32
3, 5, 40, 9, 21, 55, 25, 27, 61, 32
3, 39, 9, 42, 44, 13, 17, 57, 61, 32
3, 40, 41, 44, 52, 23, 25, 27, 61, 32
3, 5, 40, 9, 43, 41, 23, 24, 27, 61
33, 3, 8, 43, 22, 24, 25, 27, 61, 32
3, 36, 9, 42, 13, 17, 24, 25, 32, 27
66, 3, 37, 51, 52, 24, 25, 59, 61, 27
3, 68, 9, 61, 43, 54, 25, 27, 29, 32
3, 69, 9, 52, 21, 54, 25, 61, 32, 34
66, 5, 34, 9, 57, 54, 25, 27, 61, 32
34, 3, 36, 9, 53, 25, 23, 59, 27, 32
1, 66, 3, 13, 53, 57, 27, 30, 32, 61
66, 3, 40, 9, 42, 43, 52, 27, 61, 32
3, 9, 50, 21, 55, 25, 27, 61, 32, 40
3, 36, 9, 21, 25, 53, 27, 61, 32, 39
3, 40, 46, 50, 52, 21, 25, 27, 32, 9
3, 68, 8, 9, 42, 25, 27, 61, 32, 23
3, 56, 9, 44, 25, 21, 57, 27, 61, 32
66, 3, 9, 43, 22, 24, 27, 61, 32, 11
3, 4, 5, 9, 17, 18, 23, 58, 61, 63
1, 4, 5, 9, 16, 19, 25, 27, 29, 30
3, 4, 5, 14, 19, 25, 27, 34, 32, 23
1, 4, 5, 9, 16, 50, 19, 56, 61, 30
3, 4, 5, 9, 42, 50, 25, 27, 61, 32
43, 4, 5, 9, 45, 15, 21, 23, 61, 32
1, 4, 5, 9, 14, 23, 27, 61, 30, 32
3, 4, 5, 6, 44, 67, 50, 19, 69, 27
3, 4, 5, 9, 45, 15, 56, 27, 61, 32
3, 4, 5, 9, 16, 25, 27, 30, 63, 32
3, 5, 6, 9, 42, 25, 27, 61, 14, 16
1, 5, 9, 59, 23, 25, 27, 61, 30, 4
3, 4, 5, 9, 42, 48, 19, 25, 58, 61
63, 4, 37, 9, 42, 18, 25, 5, 43, 32
4, 5, 9, 42, 49, 18, 25, 27, 61, 32
3, 4, 5, 9, 14, 50, 25, 27, 61, 32
3, 4, 5, 70, 9, 50, 25, 27, 61, 32
3, 4, 5, 9, 14, 48, 25, 27, 61, 32
3, 4, 19, 9, 29, 70, 27, 61, 32, 58
3, 4, 5, 9, 19, 25, 27, 32, 61, 64
3, 4, 70, 9, 42, 15, 49, 25, 61, 38
3, 4, 70, 42, 54, 23, 25, 27, 51, 32
33, 3, 4, 9, 42, 46, 49, 23, 25, 32
3, 4, 70, 8, 9, 42, 44, 49, 16, 25
54, 4, 70, 9, 44, 68, 53, 25, 27, 38
3, 4, 6, 9, 42, 19, 20, 54, 25, 32
3, 4, 9, 45, 15, 48, 19, 25, 27, 44
34, 3, 4, 9, 42, 44, 22, 61, 32, 62
3, 68, 9, 42, 44, 53, 25, 27, 29, 32
3, 4, 9, 42, 44, 29, 25, 27, 61, 45
4, 70, 9, 15, 49, 53, 25, 61, 30, 42
3, 4, 9, 42, 44, 45, 25, 27, 61, 32
3, 16, 4, 9, 42, 44, 54, 25, 32, 7
3, 4, 70, 9, 42, 15, 49, 25, 27, 32
3, 4, 7, 9, 42, 44, 35, 41, 25, 32
3, 4, 70, 9, 42, 45, 41, 27, 61, 32
3, 4, 70, 9, 42, 54, 23, 25, 58, 61
4, 70, 9, 42, 45, 15, 16, 23, 25, 61
34, 4, 9, 42, 14, 49, 19, 61, 32, 15
3, 4, 9, 42, 14, 48, 17, 25, 27, 32
1, 65, 4, 5, 13, 15, 19, 25, 27, 30
33, 4, 5, 13, 15, 16, 21, 57, 61, 1
1, 4, 5, 18, 15, 22, 27, 31, 64, 13
1, 4, 5, 11, 15, 19, 22, 23, 25, 27
1, 4, 5, 12, 14, 15, 21, 25, 19, 37
1, 2, 4, 5, 18, 19, 21, 27, 61, 64
1, 2, 4, 5, 14, 15, 21, 27, 30, 61
1, 35, 4, 5, 46, 15, 18, 21, 25, 64
1, 3, 4, 5, 35, 50, 19, 21, 22, 69
1, 65, 4, 5, 13, 21, 27, 30, 32, 25
1, 4, 5, 11, 15, 63, 21, 22, 37, 62
1, 4, 56, 11, 14, 18, 19, 58, 27, 25
65, 34, 4, 5, 18, 19, 21, 56, 27, 61
4, 5, 40, 15, 19, 21, 22, 25, 8, 61
65, 3, 4, 5, 7, 14, 15, 21, 25, 61
1, 65, 4, 5, 13, 18, 19, 21, 27, 30
1, 3, 5, 13, 15, 19, 21, 23, 27, 64
1, 35, 4, 5, 38, 15, 19, 21, 30, 64
1, 65, 4, 5, 13, 55, 21, 24, 27, 30
65, 2, 4, 5, 1, 15, 21, 25, 61, 37
33, 70, 9, 49, 56, 25, 27, 61, 32, 16
65, 3, 5, 9, 20, 25, 27, 61, 32, 50
65, 3, 5, 9, 44, 13, 25, 57, 61, 32
33, 3, 5, 9, 46, 25, 27, 61, 63, 32
3, 70, 9, 42, 44, 48, 54, 27, 29, 32
65, 3, 69, 9, 46, 18, 24, 25, 27, 32
3, 9, 42, 11, 44, 20, 25, 27, 29, 32
65, 5, 9, 46, 50, 25, 38, 61, 63, 32
3, 5, 9, 43, 67, 14, 54, 58, 61, 32
65, 5, 7, 9, 20, 54, 45, 27, 32, 49
3, 5, 70, 11, 48, 20, 25, 27, 29, 32
3, 70, 43, 50, 19, 25, 57, 27, 61, 63
65, 5, 40, 9, 12, 25, 27, 64, 32, 61
3, 37, 70, 9, 46, 53, 18, 61, 32, 65
33, 3, 9, 43, 35, 14, 54, 58, 27, 40
33, 3, 69, 9, 43, 44, 20, 25, 11, 32
33, 70, 9, 28, 44, 48, 54, 27, 61, 32
33, 3, 5, 9, 46, 48, 27, 61, 30, 32
2, 67, 69, 46, 48, 17, 25, 57, 61, 32
33, 5, 40, 9, 17, 20, 37, 27, 61, 32
1, 4, 9, 15, 48, 19, 27, 61, 25, 34
56, 4, 9, 12, 19, 18, 27, 61, 32, 5
3, 4, 5, 39, 9, 12, 14, 15, 23, 61
1, 4, 5, 9, 14, 15, 21, 27, 61, 32
1, 4, 5, 9, 14, 15, 21, 27, 61, 32
1, 4, 5, 9, 14, 15, 21, 27, 61, 32
1, 3, 4, 9, 21, 57, 27, 61, 32, 5
33, 4, 5, 9, 15, 19, 20, 27, 61, 32
2, 3, 4, 5, 9, 67, 51, 20, 27, 39
3, 4, 5, 6, 9, 14, 20, 27, 61, 32
3, 4, 5, 39, 9, 42, 12, 19, 61, 32
3, 4, 5, 70, 9, 48, 20, 27, 61, 32
1, 3, 4, 5, 9, 38, 25, 27, 61, 17
4, 5, 9, 43, 45, 53, 25, 27, 63, 32
1, 3, 4, 5, 9, 12, 20, 27, 61, 32
3, 4, 5, 49, 50, 20, 25, 61, 32, 15
34, 3, 33, 9, 45, 20, 25, 5, 27, 61
3, 4, 5, 9, 15, 51, 21, 25, 27, 29
49, 4, 5, 9, 42, 15, 55, 27, 61, 32
3, 4, 5, 42, 15, 20, 23, 56, 61, 32
65, 3, 4, 9, 12, 19, 22, 57, 27, 62
7, 4, 5, 9, 12, 19, 21, 22, 23, 27
33, 4, 38, 9, 44, 20, 25, 27, 63, 19
3, 4, 5, 41, 12, 19, 20, 25, 27, 64
3, 4, 5, 9, 6, 15, 19, 20, 27, 18
1, 33, 4, 9, 45, 19, 22, 57, 27, 62
3, 5, 39, 9, 12, 19, 57, 27, 29, 63
3, 4, 9, 48, 49, 19, 20, 25, 27, 16
65, 3, 4, 39, 9, 14, 19, 21, 22, 27
3, 4, 38, 44, 19, 25, 27, 70, 64, 39
3, 5, 9, 12, 49, 20, 22, 27, 64, 4
3, 4, 37, 9, 49, 55, 25, 5, 27, 29
35, 4, 5, 9, 61, 16, 19, 25, 27, 29
3, 4, 1, 9, 12, 57, 25, 27, 29, 63
65, 3, 4, 31, 48, 49, 19, 20, 57, 27
65, 3, 4, 9, 12, 14, 19, 22, 25, 27
33, 35, 4, 9, 13, 62, 3, 48, 27, 59
3, 4, 5, 14, 19, 22, 27, 29, 63, 15
35, 4, 5, 12, 25, 20, 21, 57, 30, 64
1, 33, 3, 4, 9, 20, 55, 25, 62, 30
1, 4, 5, 9, 45, 49, 19, 25, 22, 30
65, 4, 5, 18, 19, 20, 57, 25, 61, 32
66, 4, 5, 9, 49, 19, 20, 21, 30, 32
1, 4, 5, 9, 19, 21, 25, 27, 61, 30
3, 5, 9, 18, 19, 57, 26, 30, 32, 25
66, 4, 5, 9, 21, 54, 56, 58, 27, 61
3, 5, 41, 9, 19, 20, 33, 61, 31, 32
3, 4, 5, 9, 19, 20, 22, 57, 61, 12
3, 4, 5, 9, 45, 48, 27, 61, 32, 33
3, 4, 5, 9, 25, 19, 54, 57, 61, 32
1, 5, 38, 9, 49, 52, 57, 30, 32, 19
3, 5, 6, 9, 51, 18, 19, 25, 61, 32
3, 4, 22, 9, 19, 20, 25, 61, 32, 27
3, 69, 6, 9, 49, 52, 26, 5, 61, 32
1, 4, 5, 9, 19, 51, 27, 31, 32, 48
3, 4, 5, 18, 19, 21, 54, 26, 61, 32
1, 4, 5, 9, 18, 19, 20, 25, 31, 32
3, 5, 9, 57, 54, 25, 27, 61, 32, 4
3, 4, 5, 9, 13, 20, 21, 53, 61, 32
69, 3, 5, 9, 19, 55, 25, 26, 38, 32
3, 4, 5, 9, 42, 23, 30, 31, 32, 69
3, 4, 5, 9, 15, 57, 21, 24, 25, 53
3, 4, 5, 9, 15, 57, 21, 24, 25, 53
3, 4, 5, 9, 15, 57, 21, 24, 25, 53
3, 4, 5, 38, 39, 9, 15, 18, 20, 32
4, 5, 9, 42, 43, 15, 27, 60, 32, 21
3, 38, 9, 15, 48, 50, 20, 27, 32, 5
3, 18, 5, 9, 15, 21, 24, 25, 53, 61
3, 4, 5, 9, 43, 15, 21, 56, 57, 32
4, 69, 9, 44, 21, 25, 5, 27, 62, 32
3, 4, 5, 9, 15, 17, 21, 47, 61, 22
3, 4, 5, 43, 44, 15, 27, 61, 21, 38
3, 4, 69, 9, 44, 15, 5, 30, 31, 32
4, 5, 9, 43, 15, 50, 21, 30, 31, 32
3, 4, 5, 38, 39, 9, 15, 20, 61, 32
2, 3, 4, 37, 38, 9, 42, 20, 61, 32
3, 4, 69, 9, 15, 21, 5, 30, 31, 32
3, 4, 5, 9, 16, 21, 25, 37, 27, 39
3, 4, 5, 9, 42, 21, 23, 25, 27, 61
4, 5, 9, 11, 12, 48, 18, 61, 32, 15
65, 4, 5, 38, 39, 9, 15, 19, 20, 61
34, 3, 4, 5, 9, 20, 22, 57, 32, 23
66, 35, 4, 9, 15, 19, 20, 62, 32, 21
3, 68, 5, 7, 22, 9, 4, 21, 28, 32
3, 4, 5, 38, 9, 26, 61, 32, 19, 68
3, 4, 5, 70, 9, 13, 20, 54, 61, 62
4, 5, 23, 39, 9, 19, 21, 55, 61, 32
3, 4, 5, 70, 15, 48, 55, 27, 61, 32
3, 4, 5, 38, 9, 20, 55, 27, 31, 32
3, 5, 70, 9, 48, 19, 20, 23, 61, 32
4, 68, 5, 39, 19, 20, 55, 61, 31, 32
20, 3, 4, 5, 9, 15, 36, 28, 61, 32
3, 4, 5, 9, 14, 15, 41, 20, 31, 32
3, 4, 5, 9, 19, 20, 28, 61, 31, 32
3, 4, 5, 9, 13, 14, 15, 20, 54, 64
3, 4, 5, 70, 9, 13, 20, 23, 61, 32
52, 3, 5, 9, 43, 44, 20, 23, 32, 4
4, 66, 68, 5, 9, 15, 20, 21, 28, 32
3, 4, 5, 39, 9, 20, 58, 28, 61, 32
3, 4, 5, 39, 9, 19, 20, 23, 61, 32
3, 36, 5, 39, 15, 19, 4, 54, 25, 27
3, 68, 6, 9, 14, 19, 54, 25, 27, 63
3, 4, 9, 14, 15, 25, 26, 27, 63, 68
3, 4, 5, 9, 12, 14, 15, 25, 63, 27
3, 4, 9, 14, 15, 17, 41, 19, 21, 27
3, 4, 9, 12, 14, 15, 54, 27, 31, 5
3, 36, 5, 39, 7, 9, 19, 54, 27, 31
66, 3, 5, 39, 9, 14, 15, 23, 25, 27
3, 4, 5, 9, 14, 19, 54, 56, 64, 22
1, 3, 4, 9, 14, 47, 18, 25, 27, 5
1, 3, 4, 5, 9, 12, 46, 22, 25, 27
3, 4, 5, 9, 14, 15, 22, 25, 28, 63
3, 4, 5, 7, 9, 12, 14, 19, 25, 27
3, 4, 5, 58, 9, 12, 15, 25, 27, 28
3, 4, 5, 9, 12, 14, 15, 27, 28, 25
66, 5, 38, 39, 9, 4, 15, 16, 22, 29
3, 4, 5, 7, 9, 12, 14, 54, 25, 27
66, 3, 5, 9, 12, 54, 56, 25, 27, 14
3, 4, 5, 7, 9, 67, 49, 54, 25, 63
3, 4, 5, 9, 14, 15, 25, 27, 28, 12
3, 4, 5, 9, 15, 2, 7, 20, 37, 61
65, 4, 5, 9, 13, 17, 19, 20, 23, 32
1, 4, 5, 9, 19, 54, 57, 69, 61, 37
4, 5, 9, 46, 17, 21, 23, 60, 32, 1
1, 4, 5, 9, 44, 45, 15, 21, 23, 32
66, 3, 4, 5, 9, 15, 19, 23, 61, 32
1, 3, 4, 5, 9, 41, 19, 23, 61, 31
3, 4, 5, 9, 42, 15, 19, 20, 59, 54
1, 4, 5, 9, 16, 41, 19, 23, 28, 48
1, 4, 5, 9, 14, 19, 53, 54, 37, 61
1, 4, 5, 9, 15, 20, 21, 28, 61, 32
3, 4, 5, 9, 42, 44, 15, 19, 20, 23
17, 3, 4, 5, 9, 49, 19, 20, 21, 34
1, 3, 4, 9, 15, 49, 41, 19, 23, 32
3, 4, 5, 9, 17, 19, 25, 6, 63, 23
3, 4, 5, 9, 10, 20, 23, 42, 31, 19
28, 4, 5, 9, 10, 20, 23, 37, 61, 54
1, 4, 5, 9, 17, 54, 26, 31, 32, 20
1, 3, 48, 37, 9, 19, 20, 53, 54, 61
1, 4, 5, 40, 9, 19, 20, 21, 58, 61
1, 3, 4, 5, 9, 25, 69, 27, 32, 33
1, 4, 5, 9, 18, 25, 59, 28, 61, 32
3, 36, 5, 70, 9, 42, 51, 4, 7, 32
33, 66, 4, 5, 9, 24, 25, 27, 61, 28
3, 4, 69, 2, 9, 45, 51, 53, 27, 61
3, 4, 9, 59, 46, 17, 20, 25, 61, 32
3, 4, 5, 9, 15, 20, 25, 69, 27, 32
3, 4, 7, 9, 11, 17, 25, 27, 61, 32
33, 4, 7, 9, 53, 25, 27, 61, 32, 3
3, 4, 5, 9, 42, 20, 28, 69, 62, 32
19, 4, 37, 70, 9, 45, 52, 69, 27, 32
2, 35, 5, 9, 3, 20, 25, 27, 61, 32
3, 4, 5, 9, 18, 20, 25, 69, 61, 32
2, 4, 5, 70, 15, 52, 25, 26, 28, 61
3, 4, 37, 70, 9, 15, 19, 53, 32, 18
3, 4, 69, 9, 15, 20, 5, 27, 32, 25
1, 4, 70, 8, 44, 46, 25, 27, 28, 61
33, 4, 5, 9, 51, 25, 28, 61, 32, 53
3, 36, 5, 9, 15, 20, 25, 59, 61, 32
33, 66, 4, 69, 9, 44, 20, 27, 32, 3
66, 3, 5, 9, 44, 58, 69, 27, 61, 32
33, 3, 5, 38, 9, 45, 22, 25, 61, 32
1, 3, 4, 5, 9, 25, 37, 27, 61, 32
33, 3, 4, 37, 45, 25, 27, 61, 32, 64
34, 4, 5, 38, 9, 14, 25, 58, 59, 27
33, 3, 4, 5, 9, 43, 49, 11, 62, 31
34, 48, 5, 9, 42, 46, 64, 58, 59, 27
33, 36, 5, 9, 14, 15, 53, 25, 61, 32
1, 4, 5, 9, 50, 25, 27, 64, 61, 32
66, 3, 52, 5, 6, 9, 44, 45, 27, 61
66, 3, 4, 5, 6, 9, 44, 45, 27, 61
3, 4, 69, 9, 14, 25, 5, 28, 61, 37
3, 4, 69, 9, 14, 50, 58, 61, 32, 44
3, 4, 5, 6, 9, 44, 50, 69, 30, 32
33, 3, 9, 11, 48, 25, 27, 32, 29, 64
20, 3, 4, 9, 22, 25, 27, 61, 32, 42
34, 3, 5, 9, 22, 25, 58, 59, 29, 27
33, 3, 5, 9, 43, 17, 22, 25, 61, 32
34, 3, 5, 9, 42, 43, 25, 59, 53, 27
34, 3, 9, 42, 43, 29, 25, 59, 61, 27
3, 4, 5, 9, 18, 19, 12, 25, 30, 31
3, 4, 5, 9, 48, 19, 27, 25, 61, 31
4, 9, 42, 44, 50, 19, 20, 32, 61, 64
3, 4, 5, 9, 18, 19, 20, 56, 25, 58
21, 4, 5, 70, 9, 44, 15, 19, 25, 61
3, 4, 5, 9, 48, 19, 27, 61, 32, 17
3, 4, 5, 9, 48, 19, 56, 61, 31, 32
3, 4, 5, 9, 48, 19, 56, 61, 30, 32
3, 4, 5, 9, 44, 19, 14, 61, 31, 32
3, 4, 9, 43, 44, 19, 20, 27, 61, 32
65, 5, 9, 47, 18, 19, 56, 25, 31, 32
3, 4, 5, 9, 48, 19, 56, 25, 61, 32
34, 3, 4, 43, 48, 19, 20, 27, 61, 32
65, 3, 4, 15, 19, 20, 55, 25, 27, 32
5, 4, 48, 50, 19, 20, 27, 61, 32, 44
34, 3, 4, 5, 9, 43, 18, 25, 56, 57
65, 4, 37, 9, 49, 19, 20, 25, 5, 61
3, 4, 5, 9, 20, 55, 25, 61, 32, 19
1, 4, 9, 43, 25, 19, 20, 35, 27, 61
26, 4, 6, 9, 43, 48, 27, 61, 66, 32
1, 4, 69, 39, 9, 19, 20, 21, 22, 27
3, 4, 5, 42, 12, 51, 21, 56, 25, 69
3, 4, 5, 7, 19, 20, 21, 22, 27, 64
1, 4, 5, 7, 43, 19, 20, 25, 69, 27
1, 4, 5, 9, 16, 19, 20, 22, 25, 27
4, 5, 7, 9, 46, 54, 19, 64, 3, 20
3, 4, 5, 9, 43, 19, 20, 23, 61, 63
3, 4, 5, 9, 42, 19, 20, 21, 59, 31
3, 4, 5, 12, 18, 19, 20, 25, 27, 31
3, 5, 9, 14, 19, 20, 21, 25, 69, 4
1, 3, 4, 5, 9, 46, 41, 25, 27, 61
4, 5, 9, 19, 51, 22, 56, 25, 26, 27
3, 4, 5, 42, 43, 19, 20, 25, 69, 27
4, 5, 9, 14, 19, 20, 54, 25, 69, 1
3, 4, 5, 9, 21, 22, 25, 27, 31, 12
3, 5, 9, 43, 19, 20, 25, 56, 27, 28
3, 4, 5, 9, 42, 19, 53, 34, 69, 27
4, 5, 70, 48, 19, 20, 23, 14, 69, 27
3, 4, 5, 19, 20, 25, 69, 29, 33, 26
4, 5, 41, 18, 19, 22, 56, 25, 26, 27
67, 4, 5, 9, 42, 21, 54, 25, 27, 32
65, 3, 4, 5, 9, 42, 32, 54, 25, 27
65, 3, 4, 5, 9, 21, 25, 53, 27, 61
65, 3, 68, 9, 11, 21, 25, 61, 32, 4
65, 3, 4, 5, 9, 15, 16, 20, 25, 27
3, 4, 5, 9, 42, 43, 21, 25, 27, 32
3, 4, 5, 23, 9, 42, 55, 27, 61, 32
3, 4, 5, 9, 20, 21, 54, 61, 62, 32
65, 3, 4, 9, 51, 36, 25, 27, 61, 5
35, 4, 5, 9, 11, 3, 25, 27, 61, 32
1, 4, 5, 9, 42, 21, 25, 58, 27, 32
65, 67, 4, 5, 9, 42, 21, 25, 27, 32
65, 3, 4, 5, 39, 9, 18, 53, 27, 61
65, 3, 4, 5, 9, 53, 25, 27, 63, 32
65, 3, 4, 5, 39, 9, 53, 27, 61, 62
65, 3, 4, 5, 39, 9, 18, 53, 27, 61
65, 3, 4, 39, 9, 43, 15, 61, 11, 32
66, 67, 4, 5, 9, 42, 22, 25, 27, 7
3, 4, 5, 9, 42, 25, 58, 27, 63, 32
65, 3, 4, 6, 69, 9, 43, 25, 27, 32
3, 4, 5, 9, 47, 51, 21, 19, 61, 66
3, 4, 5, 70, 16, 17, 19, 23, 61, 32
4, 5, 9, 42, 21, 23, 61, 32, 12, 59
3, 4, 5, 70, 16, 19, 20, 57, 32, 9
3, 4, 5, 9, 44, 17, 19, 21, 61, 32
3, 4, 5, 9, 44, 17, 19, 21, 61, 32
1, 4, 5, 9, 15, 57, 19, 21, 56, 32
3, 4, 5, 9, 47, 51, 21, 15, 61, 32
67, 4, 5, 38, 14, 3, 21, 61, 32, 9
3, 4, 5, 9, 19, 21, 22, 61, 32, 59
3, 4, 38, 9, 15, 21, 55, 61, 62, 32
3, 4, 5, 9, 67, 17, 21, 14, 61, 32
1, 4, 5, 43, 45, 16, 19, 56, 48, 32
3, 4, 9, 15, 21, 55, 61, 62, 32, 50
3, 4, 5, 9, 44, 17, 20, 21, 32, 48
3, 4, 38, 9, 45, 15, 21, 55, 61, 32
3, 4, 5, 15, 52, 19, 21, 61, 32, 9
3, 4, 5, 9, 13, 35, 19, 20, 61, 32
67, 4, 5, 9, 16, 19, 20, 61, 32, 59
65, 4, 12, 13, 50, 19, 21, 57, 61, 32
3, 4, 5, 15, 19, 20, 54, 61, 32, 9
3, 4, 5, 15, 48, 19, 20, 57, 58, 61
3, 4, 5, 9, 15, 19, 58, 61, 32, 44
3, 4, 5, 9, 44, 20, 22, 61, 32, 26
3, 4, 7, 9, 43, 19, 20, 26, 28, 22
3, 4, 9, 15, 16, 19, 20, 27, 61, 14
4, 5, 39, 9, 14, 15, 19, 58, 61, 68
3, 4, 5, 70, 9, 15, 48, 19, 20, 68
4, 5, 9, 43, 44, 19, 21, 57, 61, 32
3, 4, 5, 7, 19, 20, 57, 58, 62, 32
3, 4, 5, 9, 43, 14, 54, 61, 32, 19
3, 4, 5, 9, 15, 49, 19, 20, 27, 61
3, 4, 5, 9, 15, 16, 19, 20, 61, 32
3, 4, 5, 9, 43, 14, 19, 21, 27, 32
3, 4, 5, 9, 19, 20, 28, 61, 63, 32
3, 4, 5, 7, 9, 14, 20, 27, 61, 63
3, 4, 5, 9, 15, 59, 20, 58, 61, 40
3, 4, 5, 9, 20, 57, 28, 61, 62, 32
3, 4, 5, 9, 44, 15, 20, 37, 28, 61
3, 4, 5, 18, 16, 19, 20, 22, 25, 61
3, 4, 5, 6, 9, 19, 20, 25, 27, 32
3, 4, 5, 9, 47, 48, 19, 20, 61, 32
65, 3, 4, 5, 6, 9, 19, 58, 61, 48
2, 3, 4, 5, 6, 40, 9, 19, 25, 32
3, 4, 5, 9, 29, 44, 19, 20, 39, 32
1, 3, 4, 5, 9, 20, 21, 25, 61, 32
3, 4, 5, 9, 49, 18, 20, 25, 32, 38
3, 4, 5, 9, 61, 19, 36, 29, 32, 1
65, 4, 5, 9, 19, 20, 27, 62, 32, 3
3, 4, 9, 42, 19, 20, 58, 61, 32, 29
1, 5, 9, 48, 19, 54, 25, 63, 64, 60
3, 4, 37, 9, 49, 18, 20, 25, 61, 32
3, 4, 5, 6, 9, 61, 19, 36, 29, 32
3, 4, 6, 40, 9, 46, 19, 27, 61, 32
65, 4, 5, 9, 19, 20, 57, 58, 27, 61
3, 4, 69, 40, 19, 20, 53, 5, 29, 32
3, 4, 5, 9, 42, 19, 20, 21, 37, 32
3, 4, 5, 9, 46, 19, 16, 61, 32, 40
66, 4, 5, 40, 9, 46, 54, 58, 61, 32
65, 4, 5, 7, 9, 42, 20, 27, 62, 32
3, 40, 41, 15, 48, 51, 59, 61, 62, 32
3, 40, 9, 42, 44, 48, 54, 23, 25, 35
3, 37, 9, 14, 48, 54, 58, 27, 61, 32
3, 68, 37, 9, 44, 58, 27, 64, 32, 42
3, 68, 37, 9, 43, 44, 54, 23, 61, 32
3, 5, 9, 48, 52, 54, 23, 61, 30, 32
3, 68, 37, 9, 44, 58, 27, 64, 61, 32
3, 68, 37, 9, 44, 58, 27, 64, 61, 32
3, 68, 39, 9, 42, 13, 17, 25, 27, 58
68, 37, 9, 64, 44, 27, 28, 61, 32, 23
3, 37, 9, 42, 44, 48, 52, 54, 64, 32
66, 3, 5, 61, 54, 27, 28, 29, 31, 44
3, 68, 37, 9, 43, 44, 54, 23, 28, 61
9, 42, 11, 44, 48, 12, 25, 61, 32, 6
3, 5, 70, 9, 29, 21, 25, 27, 61, 30
65, 3, 6, 9, 44, 51, 54, 25, 32, 27
3, 68, 37, 42, 44, 48, 54, 25, 27, 32
3, 9, 11, 44, 46, 14, 27, 64, 61, 32
3, 68, 38, 40, 17, 51, 27, 64, 61, 32
34, 3, 9, 11, 17, 25, 27, 61, 32, 48
1, 3, 4, 5, 9, 44, 19, 25, 27, 43
3, 4, 5, 9, 19, 21, 25, 27, 60, 46
66, 37, 39, 9, 44, 19, 22, 25, 5, 27
1, 4, 5, 9, 43, 51, 19, 20, 27, 39
20, 3, 4, 5, 9, 19, 36, 25, 27, 30
1, 3, 4, 5, 9, 46, 19, 20, 25, 27
1, 4, 5, 9, 12, 46, 19, 25, 27, 20
1, 4, 5, 9, 43, 51, 17, 19, 20, 55
3, 4, 5, 9, 19, 20, 53, 23, 25, 62
3, 4, 5, 12, 19, 21, 23, 25, 27, 62
3, 4, 5, 9, 42, 19, 20, 54, 27, 50
3, 4, 5, 9, 19, 20, 53, 23, 25, 62
3, 4, 5, 12, 57, 19, 21, 25, 27, 60
1, 4, 5, 9, 19, 18, 51, 20, 27, 25
3, 28, 5, 9, 44, 25, 20, 21, 57, 27
2, 3, 4, 5, 9, 12, 19, 25, 27, 60
4, 5, 39, 9, 10, 25, 21, 57, 27, 62
3, 4, 5, 9, 15, 51, 20, 53, 25, 27
4, 5, 39, 9, 19, 51, 21, 27, 32, 25
4, 5, 9, 19, 20, 22, 57, 27, 32, 70
1, 4, 5, 13, 18, 19, 25, 57, 61, 32
1, 4, 5, 9, 18, 19, 25, 61, 32, 27
1, 4, 5, 9, 43, 18, 19, 25, 61, 32
1, 4, 5, 9, 13, 41, 19, 25, 27, 61
1, 4, 5, 43, 17, 19, 22, 25, 11, 31
1, 4, 5, 9, 13, 41, 19, 25, 27, 61
1, 4, 5, 43, 18, 19, 25, 27, 29, 32
1, 33, 4, 5, 39, 13, 19, 36, 25, 27
1, 4, 5, 9, 29, 18, 19, 25, 61, 30
1, 34, 5, 9, 18, 19, 25, 61, 30, 31
1, 66, 4, 5, 19, 21, 25, 27, 32, 22
1, 4, 5, 39, 18, 19, 25, 61, 63, 27
1, 4, 5, 7, 18, 19, 25, 27, 61, 32
1, 66, 4, 5, 9, 19, 34, 25, 61, 32
1, 4, 5, 11, 13, 18, 19, 25, 27, 29
1, 4, 5, 8, 9, 41, 18, 19, 25, 61
1, 4, 5, 13, 18, 19, 25, 27, 29, 68
1, 66, 4, 5, 41, 18, 19, 22, 25, 32
1, 4, 5, 8, 13, 49, 18, 19, 25, 27
1, 33, 4, 5, 12, 18, 19, 25, 39, 61
3, 4, 5, 9, 18, 22, 25, 69, 61, 32
1, 3, 4, 5, 9, 47, 49, 19, 25, 61
3, 4, 5, 9, 13, 51, 19, 25, 61, 32
20, 3, 4, 5, 9, 48, 18, 52, 27, 32
3, 4, 5, 9, 15, 19, 56, 25, 61, 32
3, 4, 5, 9, 25, 61, 30, 63, 64, 32
3, 4, 5, 9, 67, 19, 56, 62, 32, 25
3, 4, 9, 15, 51, 22, 56, 25, 61, 64
23, 4, 5, 9, 15, 20, 25, 27, 61, 32
3, 4, 5, 9, 67, 15, 49, 19, 61, 32
3, 4, 5, 9, 13, 15, 20, 25, 61, 32
1, 3, 4, 5, 9, 15, 20, 25, 27, 61
3, 4, 5, 9, 15, 20, 53, 25, 62, 19
3, 4, 5, 9, 15, 48, 56, 25, 61, 30
3, 4, 5, 44, 15, 49, 19, 25, 61, 32
3, 4, 5, 9, 67, 19, 27, 61, 41, 25
3, 4, 5, 9, 48, 19, 22, 25, 61, 32
3, 4, 5, 9, 67, 15, 49, 19, 62, 32
3, 4, 9, 11, 19, 20, 25, 27, 61, 32
67, 4, 5, 9, 49, 19, 20, 57, 62, 32
1, 4, 5, 49, 19, 20, 21, 56, 25, 27
1, 4, 5, 14, 19, 20, 21, 25, 28, 32
1, 33, 4, 5, 9, 48, 20, 23, 25, 27
1, 4, 5, 9, 14, 48, 20, 54, 27, 32
3, 4, 5, 9, 48, 19, 55, 27, 28, 32
1, 67, 4, 5, 9, 14, 19, 20, 23, 25
3, 4, 39, 9, 25, 19, 57, 27, 28, 43
1, 3, 4, 5, 19, 20, 54, 57, 27, 61
1, 4, 37, 57, 19, 60, 25, 5, 43, 27
1, 4, 5, 14, 19, 21, 25, 28, 61, 3
1, 4, 5, 9, 14, 19, 20, 23, 25, 48
1, 4, 5, 43, 13, 48, 19, 27, 61, 31
3, 4, 5, 9, 19, 23, 25, 27, 32, 20
1, 4, 5, 9, 14, 21, 25, 28, 61, 57
1, 3, 4, 57, 19, 20, 23, 25, 27, 9
1, 3, 4, 5, 9, 19, 20, 34, 61, 31
3, 4, 5, 9, 19, 20, 23, 59, 28, 49
1, 4, 5, 14, 19, 20, 21, 25, 28, 61
2, 4, 5, 9, 13, 19, 57, 61, 32, 28
1, 3, 4, 5, 40, 20, 55, 27, 61, 32
4, 5, 9, 15, 49, 19, 25, 27, 28, 62
3, 4, 5, 9, 42, 21, 56, 25, 61, 19
3, 4, 5, 9, 13, 15, 25, 27, 32, 42
33, 3, 4, 22, 9, 17, 19, 21, 25, 27
33, 3, 4, 5, 9, 15, 21, 25, 27, 32
3, 4, 5, 9, 15, 25, 27, 61, 32, 39
3, 4, 5, 9, 43, 17, 19, 25, 61, 32
3, 4, 5, 39, 9, 49, 21, 27, 61, 57
3, 4, 5, 42, 13, 20, 54, 9, 61, 64
3, 4, 5, 9, 13, 19, 20, 25, 27, 62
3, 4, 5, 42, 49, 21, 56, 25, 61, 32
3, 5, 39, 27, 42, 21, 56, 25, 61, 32
3, 4, 5, 9, 46, 15, 21, 61, 32, 39
3, 4, 5, 9, 17, 20, 21, 68, 32, 61
4, 5, 6, 9, 15, 22, 28, 61, 32, 20
3, 4, 5, 9, 42, 20, 21, 25, 51, 32
3, 4, 5, 39, 9, 43, 19, 20, 25, 27
3, 4, 5, 9, 13, 15, 25, 69, 27, 32
3, 4, 5, 9, 43, 19, 20, 55, 61, 32
3, 4, 5, 39, 9, 19, 20, 61, 32, 42
1, 4, 5, 9, 13, 18, 19, 25, 27, 31
3, 4, 5, 9, 11, 19, 20, 25, 61, 6
1, 3, 4, 5, 9, 20, 62, 25, 61, 32
1, 3, 4, 69, 40, 18, 19, 36, 62, 12
1, 4, 9, 12, 13, 20, 25, 27, 61, 64
67, 4, 5, 9, 14, 19, 20, 32, 35, 27
3, 4, 5, 9, 13, 20, 25, 27, 61, 32
3, 4, 5, 9, 19, 25, 69, 27, 32, 61
3, 4, 5, 9, 13, 18, 19, 20, 27, 62
1, 3, 4, 5, 43, 46, 20, 59, 61, 27
3, 4, 5, 9, 13, 46, 20, 25, 61, 32
3, 4, 5, 40, 9, 20, 24, 25, 32, 61
3, 4, 5, 9, 46, 19, 20, 27, 61, 32
3, 36, 5, 9, 46, 20, 25, 61, 32, 4
38, 4, 9, 11, 12, 44, 19, 20, 36, 32
4, 5, 9, 44, 15, 25, 27, 49, 62, 32
4, 69, 40, 19, 55, 5, 59, 61, 38, 1
12, 4, 9, 11, 44, 25, 27, 62, 32, 61
36, 3, 4, 5, 9, 13, 16, 20, 25, 32
3, 4, 5, 6, 9, 11, 20, 25, 69, 32
2, 4, 5, 9, 46, 25, 27, 61, 62, 32
3, 4, 5, 9, 46, 25, 27, 61, 32, 53
3, 4, 5, 9, 46, 53, 25, 27, 61, 32
3, 4, 40, 9, 12, 45, 51, 25, 27, 32
3, 4, 5, 9, 42, 52, 27, 61, 39, 32
4, 5, 7, 9, 21, 17, 25, 64, 61, 32
3, 4, 5, 9, 45, 17, 50, 25, 61, 32
3, 4, 5, 9, 42, 14, 25, 27, 6, 32
3, 4, 5, 9, 42, 44, 46, 15, 50, 64
3, 4, 5, 9, 14, 25, 27, 24, 61, 32
4, 5, 9, 42, 45, 25, 27, 61, 62, 32
3, 4, 5, 7, 9, 50, 25, 61, 32, 45
3, 4, 5, 6, 42, 45, 17, 25, 27, 32
40, 3, 4, 9, 17, 55, 25, 27, 61, 32
3, 4, 5, 40, 9, 52, 27, 61, 62, 32
3, 4, 5, 9, 46, 25, 27, 61, 62, 32
3, 4, 70, 50, 9, 25, 27, 61, 32, 5
3, 4, 5, 9, 16, 53, 25, 27, 61, 1
3, 4, 5, 7, 9, 44, 52, 25, 37, 2
3, 5, 9, 42, 46, 27, 61, 32, 64, 25
34, 3, 4, 5, 9, 48, 58, 61, 32, 22
33, 3, 4, 5, 9, 19, 17, 22, 61, 48
65, 2, 4, 5, 40, 9, 44, 27, 61, 32
3, 4, 40, 9, 14, 19, 25, 27, 61, 32
3, 4, 5, 9, 41, 19, 26, 27, 31, 32
2, 3, 4, 5, 9, 14, 52, 21, 61, 32
3, 4, 5, 40, 9, 44, 25, 27, 28, 32
3, 4, 5, 9, 41, 19, 26, 27, 31, 32
34, 3, 4, 5, 9, 19, 21, 22, 61, 32
1, 4, 5, 40, 9, 51, 56, 25, 27, 32
67, 4, 5, 9, 61, 3, 20, 25, 27, 29
1, 3, 4, 5, 9, 14, 51, 56, 27, 28
3, 4, 5, 21, 20, 25, 58, 42, 61, 29
3, 5, 40, 9, 44, 52, 25, 27, 61, 32
3, 4, 69, 9, 15, 41, 20, 21, 56, 32
2, 4, 5, 39, 9, 20, 58, 27, 32, 45
65, 3, 4, 5, 40, 9, 44, 20, 25, 32
67, 4, 5, 9, 44, 3, 20, 25, 51, 61
1, 3, 4, 5, 9, 14, 19, 22, 56, 61
33, 3, 4, 5, 9, 48, 54, 27, 61, 32
3, 4, 5, 9, 12, 13, 22, 57, 69, 32
5, 9, 15, 18, 19, 54, 4, 27, 61, 39
3, 4, 5, 70, 9, 49, 19, 20, 69, 32
3, 4, 9, 15, 18, 25, 58, 27, 61, 48
3, 4, 5, 19, 20, 25, 27, 61, 43, 9
36, 4, 5, 9, 20, 21, 54, 53, 61, 32
36, 4, 5, 9, 20, 21, 54, 53, 61, 32
3, 4, 9, 13, 48, 51, 20, 27, 61, 32
3, 4, 5, 9, 18, 19, 20, 58, 32, 61
3, 4, 5, 9, 18, 19, 20, 55, 58, 48
3, 4, 5, 9, 17, 22, 25, 27, 61, 32
34, 3, 5, 9, 2, 48, 25, 58, 27, 61
4, 5, 9, 15, 18, 51, 25, 27, 29, 32
3, 4, 9, 15, 48, 19, 20, 25, 27, 61
3, 4, 58, 9, 12, 19, 20, 69, 32, 25
65, 4, 5, 9, 19, 51, 55, 27, 63, 26
3, 4, 5, 9, 15, 19, 20, 58, 54, 61
3, 5, 9, 11, 12, 25, 29, 62, 32, 15
3, 4, 9, 14, 51, 20, 57, 58, 27, 5
3, 4, 5, 9, 48, 19, 20, 25, 61, 32
33, 3, 37, 70, 9, 42, 25, 27, 61, 32
33, 3, 70, 9, 44, 25, 27, 61, 32, 30
33, 68, 37, 70, 9, 42, 44, 58, 61, 32
13, 34, 3, 7, 9, 42, 25, 27, 61, 32
1, 68, 38, 39, 9, 54, 56, 58, 32, 64
33, 3, 36, 9, 44, 25, 27, 61, 32, 70
33, 3, 36, 39, 9, 50, 25, 57, 27, 32
33, 68, 37, 48, 42, 44, 61, 31, 32, 17
33, 65, 3, 4, 7, 9, 50, 27, 61, 19
33, 3, 37, 70, 9, 44, 68, 54, 58, 27
33, 3, 68, 6, 9, 13, 56, 27, 61, 32
33, 2, 3, 39, 9, 46, 54, 25, 61, 32
33, 34, 3, 4, 9, 18, 56, 27, 61, 32
34, 3, 38, 42, 9, 13, 24, 25, 61, 32
34, 3, 68, 38, 8, 9, 41, 27, 61, 32
33, 3, 59, 9, 46, 25, 58, 61, 32, 27
33, 3, 37, 8, 9, 17, 25, 58, 27, 68
33, 3, 38, 13, 57, 25, 27, 32, 29, 70
34, 3, 8, 21, 54, 27, 61, 32, 18, 55
33, 34, 4, 39, 9, 25, 27, 64, 59, 32
3, 5, 9, 44, 41, 25, 58, 27, 61, 32
3, 5, 9, 42, 16, 18, 25, 58, 27, 61
33, 3, 42, 44, 14, 18, 25, 27, 61, 32
3, 5, 9, 42, 35, 25, 27, 61, 32, 7
33, 3, 42, 44, 14, 18, 25, 27, 61, 32
3, 5, 9, 44, 14, 17, 19, 58, 59, 27
3, 5, 9, 42, 14, 54, 56, 27, 29, 22
33, 9, 42, 14, 17, 19, 61, 30, 32, 5
3, 36, 5, 41, 35, 16, 9, 27, 61, 32
3, 70, 9, 42, 14, 54, 56, 27, 45, 43
1, 3, 46, 42, 44, 16, 17, 27, 61, 32
34, 3, 5, 70, 41, 42, 25, 26, 27, 32
34, 3, 39, 9, 14, 54, 23, 56, 27, 32
3, 5, 9, 44, 14, 54, 56, 27, 29, 22
3, 7, 9, 42, 65, 45, 27, 61, 32, 25
34, 3, 70, 9, 56, 25, 27, 61, 32, 7
67, 5, 9, 42, 16, 18, 54, 25, 27, 61
34, 3, 36, 9, 22, 23, 25, 27, 61, 32
3, 70, 39, 9, 13, 35, 18, 25, 27, 42
3, 5, 70, 9, 14, 41, 54, 25, 27, 32
1, 4, 5, 9, 17, 18, 22, 24, 25, 26
34, 4, 5, 9, 14, 19, 21, 25, 26, 61
1, 4, 5, 18, 19, 52, 22, 25, 21, 27
34, 67, 4, 5, 9, 19, 20, 22, 27, 68
3, 4, 61, 14, 19, 25, 9, 30, 34, 21
3, 4, 5, 39, 9, 45, 67, 19, 20, 22
34, 4, 5, 66, 25, 19, 20, 22, 56, 57
3, 4, 5, 9, 17, 19, 20, 22, 59, 32
66, 4, 5, 39, 9, 19, 20, 25, 27, 64
20, 4, 5, 9, 17, 19, 36, 22, 58, 27
6, 5, 19, 20, 53, 54, 25, 59, 9, 4
3, 4, 70, 9, 54, 25, 17, 27, 29, 45
1, 66, 4, 49, 11, 19, 20, 25, 27, 32
3, 4, 33, 9, 45, 19, 56, 25, 27, 64
3, 4, 5, 9, 19, 41, 57, 58, 27, 29
3, 4, 5, 9, 19, 20, 21, 22, 62, 42
3, 4, 5, 9, 19, 20, 23, 25, 61, 17
3, 4, 5, 9, 17, 18, 57, 27, 64, 32
3, 36, 5, 9, 25, 26, 27, 61, 59, 32
3, 4, 5, 9, 42, 35, 41, 19, 58, 27
3, 4, 5, 9, 52, 53, 57, 61, 32, 30
3, 4, 5, 17, 20, 53, 25, 27, 61, 32
3, 4, 5, 9, 46, 25, 58, 61, 30, 1
3, 4, 5, 42, 45, 25, 20, 57, 59, 61
3, 4, 9, 19, 20, 22, 25, 27, 61, 32
4, 5, 9, 43, 44, 49, 25, 27, 61, 32
3, 4, 5, 9, 53, 22, 55, 25, 27, 61
1, 4, 5, 70, 7, 9, 19, 20, 27, 32
3, 4, 5, 70, 9, 19, 25, 61, 32, 56
4, 3, 68, 5, 20, 53, 25, 59, 32, 46
3, 4, 5, 17, 20, 53, 25, 27, 61, 9
3, 4, 5, 9, 49, 53, 55, 25, 61, 32
3, 4, 5, 9, 19, 52, 16, 61, 32, 20
4, 5, 9, 11, 54, 19, 20, 27, 32, 3
3, 4, 5, 9, 19, 52, 57, 61, 32, 20
3, 4, 5, 9, 46, 19, 20, 25, 37, 32
1, 4, 5, 38, 7, 9, 19, 20, 27, 32
3, 4, 5, 9, 19, 21, 25, 27, 61, 32
3, 4, 5, 9, 20, 22, 27, 61, 30, 32
2, 3, 4, 5, 9, 53, 25, 27, 61, 32
65, 3, 39, 9, 42, 46, 27, 28, 32, 25
1, 3, 5, 61, 46, 15, 14, 25, 27, 32
25, 9, 42, 43, 29, 20, 21, 27, 61, 32
2, 3, 5, 9, 42, 51, 25, 27, 61, 32
3, 5, 42, 44, 13, 24, 25, 61, 32, 39
65, 3, 5, 9, 42, 53, 25, 27, 61, 32
3, 5, 9, 42, 14, 48, 54, 27, 61, 32
3, 36, 9, 42, 15, 51, 25, 26, 27, 32
3, 68, 9, 16, 51, 25, 27, 61, 32, 13
65, 3, 5, 9, 16, 51, 25, 27, 61, 32
3, 5, 9, 42, 46, 51, 25, 61, 27, 39
65, 3, 5, 9, 44, 51, 25, 27, 61, 32
65, 3, 68, 5, 9, 61, 25, 27, 29, 32
3, 36, 5, 9, 16, 51, 25, 27, 61, 32
3, 7, 39, 9, 15, 48, 27, 61, 63, 32
65, 3, 36, 5, 6, 9, 44, 67, 61, 32
65, 3, 5, 17, 23, 25, 27, 61, 63, 32
3, 36, 5, 44, 13, 46, 25, 61, 30, 32
1, 3, 5, 9, 42, 46, 51, 25, 27, 32
36, 39, 9, 1, 44, 23, 25, 61, 30, 32
3, 5, 38, 9, 48, 25, 58, 36, 61, 32
3, 4, 5, 9, 48, 54, 58, 61, 32, 63
2, 36, 5, 9, 49, 4, 21, 27, 61, 32
3, 36, 38, 41, 15, 25, 58, 27, 61, 32
3, 68, 49, 20, 23, 25, 27, 61, 30, 32
3, 61, 5, 7, 9, 45, 22, 25, 31, 32
3, 4, 5, 7, 9, 51, 25, 27, 61, 32
3, 36, 5, 9, 50, 51, 25, 27, 61, 32
3, 5, 38, 9, 23, 25, 27, 61, 63, 29
3, 4, 5, 7, 9, 54, 25, 61, 31, 32
3, 5, 9, 44, 15, 57, 25, 26, 61, 63
3, 4, 9, 15, 25, 58, 27, 61, 32, 23
3, 4, 9, 45, 48, 36, 54, 58, 61, 32
3, 36, 9, 15, 17, 23, 25, 27, 29, 49
3, 4, 9, 61, 20, 22, 29, 62, 32, 58
3, 5, 38, 9, 44, 30, 25, 27, 29, 32
3, 4, 5, 9, 48, 68, 54, 23, 61, 32
3, 36, 5, 7, 9, 18, 25, 37, 62, 32
3, 5, 38, 67, 48, 25, 58, 61, 32, 9
3, 36, 5, 9, 17, 4, 55, 58, 32, 25
3, 4, 5, 11, 47, 19, 20, 61, 32, 54
3, 4, 5, 11, 47, 17, 19, 22, 23, 61
3, 4, 5, 48, 18, 19, 20, 58, 28, 39
3, 4, 5, 9, 20, 21, 28, 61, 62, 32
3, 4, 5, 70, 9, 19, 20, 21, 61, 32
1, 4, 5, 9, 11, 15, 19, 53, 61, 32
3, 4, 5, 39, 11, 17, 23, 40, 62, 21
3, 4, 9, 42, 47, 19, 20, 61, 62, 32
3, 4, 44, 9, 15, 49, 50, 61, 32, 2
3, 4, 5, 9, 68, 47, 19, 20, 61, 32
65, 3, 4, 9, 47, 19, 61, 31, 32, 5
52, 35, 4, 5, 3, 14, 19, 20, 22, 61
3, 4, 5, 9, 67, 15, 20, 21, 60, 61
1, 3, 4, 5, 9, 15, 19, 20, 60, 32
3, 4, 5, 9, 42, 11, 68, 23, 56, 62
1, 3, 4, 5, 9, 12, 47, 19, 61, 32
3, 4, 5, 9, 11, 41, 20, 21, 22, 61
3, 4, 5, 6, 9, 68, 20, 22, 62, 32
65, 1, 3, 4, 5, 47, 19, 61, 32, 9
3, 4, 5, 9, 42, 23, 59, 61, 62, 32
34, 5, 70, 44, 14, 48, 25, 27, 61, 32
34, 3, 37, 70, 66, 14, 48, 25, 27, 32
34, 3, 70, 66, 35, 48, 54, 25, 61, 32
33, 3, 55, 35, 48, 22, 25, 27, 61, 32
66, 6, 10, 46, 48, 25, 27, 61, 32, 54
33, 36, 46, 48, 25, 27, 61, 32, 66, 40
33, 66, 35, 8, 44, 15, 56, 58, 27, 32
1, 70, 7, 14, 46, 49, 61, 30, 32, 25
16, 66, 35, 70, 48, 25, 58, 27, 61, 32
66, 69, 38, 40, 42, 25, 37, 27, 61, 32
70, 39, 44, 15, 16, 54, 25, 27, 32, 42
33, 66, 3, 37, 14, 48, 54, 25, 61, 32
34, 38, 8, 42, 48, 18, 25, 27, 61, 6
33, 36, 6, 40, 42, 51, 25, 27, 61, 32
33, 36, 6, 44, 16, 53, 25, 27, 61, 32
34, 37, 70, 11, 44, 54, 25, 27, 61, 32
66, 69, 38, 40, 10, 43, 8, 53, 25, 61
66, 40, 41, 11, 44, 14, 25, 27, 61, 32
33, 36, 40, 42, 8, 51, 25, 27, 61, 32
66, 36, 6, 59, 19, 22, 25, 27, 61, 32
33, 4, 70, 39, 9, 19, 25, 27, 64, 1
1, 4, 5, 39, 9, 19, 22, 25, 27, 70
1, 4, 5, 70, 9, 19, 22, 25, 27, 33
4, 5, 39, 9, 19, 20, 21, 37, 27, 54
1, 4, 5, 70, 39, 19, 21, 22, 25, 27
3, 4, 39, 9, 15, 19, 25, 45, 23, 53
3, 4, 5, 70, 9, 19, 15, 20, 27, 64
3, 4, 70, 9, 13, 19, 20, 25, 27, 64
3, 4, 5, 39, 9, 48, 21, 23, 25, 58
4, 5, 9, 13, 15, 49, 18, 53, 62, 64
1, 3, 5, 39, 9, 48, 19, 21, 22, 25
3, 4, 5, 39, 9, 35, 19, 25, 27, 31
3, 4, 5, 9, 13, 62, 16, 25, 30, 39
3, 4, 5, 9, 13, 20, 53, 25, 27, 30
3, 4, 5, 9, 15, 20, 25, 27, 64, 70
4, 5, 69, 7, 9, 19, 36, 23, 25, 64
3, 4, 5, 9, 13, 19, 20, 23, 25, 58
3, 4, 5, 9, 13, 19, 20, 44, 58, 27
33, 4, 5, 39, 9, 34, 46, 20, 27, 60
1, 4, 5, 70, 9, 19, 20, 27, 30, 64
3, 5, 9, 12, 49, 19, 23, 61, 32, 4
3, 4, 5, 18, 20, 54, 25, 27, 63, 32
3, 4, 5, 41, 18, 20, 54, 9, 61, 25
3, 4, 5, 9, 22, 56, 25, 27, 61, 32
3, 5, 9, 46, 19, 20, 56, 57, 27, 13
3, 4, 5, 9, 57, 20, 56, 25, 32, 61
3, 4, 5, 9, 19, 20, 25, 26, 59, 32
5, 7, 9, 42, 20, 21, 54, 27, 58, 31
3, 4, 5, 6, 9, 19, 20, 61, 31, 32
3, 4, 5, 9, 18, 54, 25, 27, 61, 32
4, 5, 9, 16, 19, 20, 59, 29, 63, 32
4, 5, 18, 41, 9, 19, 20, 64, 63, 32
66, 5, 7, 9, 42, 41, 15, 21, 61, 32
3, 4, 5, 6, 9, 56, 25, 27, 61, 22
3, 4, 5, 9, 41, 20, 53, 57, 25, 27
66, 4, 5, 6, 9, 19, 25, 27, 61, 31
3, 5, 40, 9, 18, 19, 20, 27, 61, 32
3, 5, 9, 18, 20, 25, 27, 19, 32, 64
3, 4, 5, 9, 20, 54, 40, 61, 63, 32
66, 4, 48, 9, 31, 20, 54, 43, 27, 63
3, 4, 70, 42, 44, 55, 25, 27, 61, 32
3, 37, 70, 42, 19, 23, 25, 27, 61, 18
3, 68, 15, 19, 4, 54, 27, 61, 32, 17
65, 3, 68, 39, 12, 55, 25, 27, 61, 32
65, 1, 3, 39, 19, 23, 25, 27, 61, 63
65, 42, 44, 45, 19, 27, 61, 63, 32, 37
24, 4, 7, 15, 25, 55, 57, 43, 32, 3
33, 34, 68, 5, 39, 46, 25, 27, 61, 32
33, 3, 4, 5, 48, 53, 23, 37, 61, 32
65, 34, 8, 70, 54, 25, 37, 27, 61, 32
65, 68, 70, 14, 52, 7, 25, 61, 31, 27
65, 1, 37, 42, 18, 19, 23, 25, 27, 32
65, 3, 68, 70, 42, 25, 20, 57, 59, 27
65, 36, 3, 68, 45, 19, 4, 23, 25, 32
33, 3, 68, 7, 48, 27, 64, 30, 32, 53
33, 3, 4, 70, 40, 11, 25, 27, 61, 32
65, 3, 5, 70, 39, 42, 13, 27, 61, 31
65, 3, 7, 16, 29, 24, 27, 61, 32, 64
33, 65, 68, 37, 14, 15, 46, 25, 54, 57
3, 68, 37, 12, 45, 40, 19, 27, 61, 32
36, 3, 68, 5, 15, 19, 4, 22, 27, 32
3, 4, 5, 40, 9, 48, 19, 57, 61, 32
3, 4, 5, 9, 48, 19, 20, 28, 61, 32
3, 4, 5, 39, 9, 19, 21, 61, 32, 20
21, 4, 5, 9, 61, 1, 48, 30, 32, 37
4, 5, 6, 9, 42, 14, 51, 19, 61, 32
3, 4, 5, 51, 19, 53, 21, 61, 32, 9
3, 4, 5, 70, 9, 19, 22, 61, 32, 18
1, 4, 5, 9, 50, 45, 15, 21, 61, 32
3, 4, 5, 9, 41, 19, 21, 28, 61, 32
1, 36, 5, 40, 48, 18, 46, 27, 28, 19
1, 4, 5, 9, 45, 18, 56, 68, 21, 31
3, 5, 39, 9, 44, 25, 19, 57, 28, 61
3, 4, 37, 70, 9, 14, 21, 5, 31, 61
2, 3, 4, 6, 9, 45, 19, 20, 27, 61
65, 3, 4, 5, 9, 19, 20, 21, 61, 32
3, 4, 9, 11, 46, 53, 57, 21, 61, 32
3, 4, 5, 11, 67, 53, 57, 61, 32, 9
3, 4, 70, 40, 48, 49, 19, 57, 61, 32
3, 4, 5, 55, 9, 44, 15, 23, 61, 32
4, 5, 9, 43, 18, 20, 25, 27, 61, 30
3, 4, 5, 9, 18, 19, 20, 25, 27, 61
2, 4, 9, 42, 39, 54, 50, 61, 62, 30
3, 4, 9, 11, 12, 19, 23, 25, 27, 61
33, 3, 4, 5, 9, 25, 58, 27, 61, 32
3, 4, 5, 9, 18, 59, 28, 61, 32, 27
4, 5, 70, 9, 50, 12, 46, 27, 61, 30
33, 3, 4, 9, 42, 46, 24, 25, 61, 32
3, 5, 9, 43, 18, 27, 61, 30, 32, 25
3, 4, 5, 9, 43, 55, 25, 27, 32, 20
33, 3, 4, 5, 9, 14, 25, 61, 32, 26
33, 35, 4, 5, 9, 20, 25, 27, 61, 32
4, 9, 42, 13, 54, 59, 61, 30, 32, 20
3, 4, 5, 9, 35, 49, 50, 25, 61, 32
3, 4, 5, 35, 19, 55, 27, 28, 32, 33
35, 4, 5, 9, 43, 24, 26, 28, 61, 32
4, 5, 9, 18, 25, 27, 61, 30, 32, 3
3, 4, 5, 9, 43, 41, 57, 28, 61, 31
3, 4, 9, 45, 18, 19, 20, 25, 61, 32
3, 4, 5, 9, 14, 54, 58, 61, 32, 35
3, 4, 5, 70, 9, 25, 56, 57, 27, 61
3, 4, 5, 44, 15, 16, 25, 57, 27, 6
3, 5, 70, 9, 50, 20, 25, 57, 27, 44
4, 5, 38, 40, 9, 44, 18, 21, 27, 61
3, 4, 5, 70, 9, 44, 19, 25, 27, 61
4, 5, 40, 44, 15, 17, 52, 21, 27, 28
3, 4, 5, 9, 11, 12, 20, 25, 27, 32
3, 4, 5, 19, 9, 15, 17, 25, 28, 6
3, 4, 5, 70, 42, 44, 25, 27, 63, 32
4, 5, 70, 9, 44, 19, 20, 25, 27, 28
3, 4, 9, 42, 44, 25, 27, 28, 32, 70
3, 4, 5, 9, 11, 19, 20, 57, 43, 50
3, 4, 5, 70, 9, 25, 19, 57, 38, 32
3, 4, 5, 9, 42, 44, 18, 25, 61, 15
3, 4, 5, 61, 42, 44, 25, 58, 27, 32
3, 5, 6, 9, 49, 4, 20, 57, 27, 61
1, 3, 4, 5, 9, 50, 19, 14, 27, 12
3, 4, 5, 44, 19, 20, 25, 27, 28, 9
3, 5, 42, 12, 21, 23, 53, 61, 63, 32
66, 4, 5, 9, 44, 16, 19, 20, 25, 32
34, 67, 5, 9, 12, 46, 15, 21, 61, 32
36, 5, 14, 15, 16, 18, 20, 57, 61, 9
3, 5, 9, 42, 14, 50, 54, 57, 61, 32
33, 5, 9, 42, 46, 14, 19, 62, 32, 15
5, 9, 15, 50, 21, 26, 59, 61, 31, 32
3, 5, 7, 9, 14, 67, 18, 56, 61, 32
33, 5, 7, 9, 12, 14, 61, 62, 32, 55
33, 34, 3, 5, 9, 14, 19, 57, 59, 32
3, 5, 7, 9, 42, 11, 15, 22, 61, 32
3, 5, 7, 9, 67, 14, 22, 56, 61, 32
3, 5, 7, 9, 67, 14, 22, 56, 61, 32
33, 3, 70, 9, 67, 15, 14, 59, 61, 32
34, 3, 37, 8, 9, 15, 56, 61, 32, 70
3, 9, 42, 50, 19, 58, 57, 26, 61, 32
34, 3, 36, 9, 14, 15, 22, 61, 30, 32
3, 5, 6, 42, 50, 19, 57, 26, 61, 32
5, 7, 9, 14, 50, 55, 59, 61, 62, 32
3, 37, 9, 43, 14, 58, 61, 62, 32, 33
34, 3, 37, 9, 43, 14, 19, 57, 61, 32
3, 5, 7, 9, 42, 11, 49, 26, 61, 32
33, 3, 4, 5, 41, 49, 51, 38, 25, 61
33, 30, 4, 5, 41, 44, 51, 27, 61, 32
3, 4, 38, 9, 14, 22, 56, 25, 61, 32
34, 45, 4, 39, 9, 14, 16, 27, 61, 5
66, 3, 4, 5, 9, 51, 25, 27, 61, 32
33, 4, 9, 50, 51, 41, 61, 62, 32, 7
3, 4, 5, 9, 45, 46, 25, 61, 32, 27
3, 4, 9, 42, 44, 14, 27, 61, 32, 58
3, 4, 42, 41, 51, 22, 25, 27, 32, 61
3, 4, 9, 67, 16, 41, 25, 61, 62, 51
3, 4, 5, 9, 13, 14, 53, 25, 61, 32
33, 3, 18, 5, 9, 16, 41, 25, 59, 61
33, 4, 5, 38, 9, 41, 25, 27, 61, 32
3, 4, 9, 49, 41, 51, 22, 25, 27, 32
3, 4, 5, 9, 49, 41, 25, 27, 62, 33
2, 3, 4, 38, 9, 44, 14, 27, 61, 32
33, 3, 4, 56, 9, 43, 12, 21, 25, 58
3, 4, 8, 9, 42, 51, 53, 25, 27, 32
34, 3, 4, 39, 9, 51, 58, 59, 61, 32
3, 4, 5, 9, 49, 41, 25, 27, 61, 59
65, 67, 70, 9, 42, 11, 44, 3, 21, 51
3, 37, 9, 42, 11, 44, 14, 49, 61, 40
2, 3, 41, 37, 9, 42, 44, 17, 63, 32
2, 3, 4, 37, 9, 42, 44, 57, 61, 32
2, 35, 4, 42, 44, 3, 14, 61, 31, 32
3, 37, 9, 42, 11, 44, 57, 28, 61, 26
3, 4, 9, 44, 14, 47, 12, 18, 26, 61
67, 4, 37, 9, 44, 3, 35, 26, 61, 32
66, 3, 42, 44, 14, 17, 51, 55, 27, 32
34, 3, 68, 70, 63, 42, 44, 49, 61, 32
34, 68, 70, 9, 42, 11, 44, 26, 61, 32
66, 3, 42, 44, 14, 22, 56, 61, 30, 32
34, 3, 37, 9, 42, 16, 57, 28, 61, 4
66, 68, 37, 6, 44, 52, 55, 61, 63, 32
66, 3, 70, 9, 42, 44, 49, 61, 32, 40
3, 37, 19, 44, 14, 26, 61, 31, 4, 16
48, 3, 42, 44, 14, 55, 61, 31, 30, 9
66, 3, 4, 9, 44, 51, 55, 61, 31, 32
65, 3, 70, 42, 44, 16, 18, 61, 30, 32
2, 4, 22, 9, 42, 11, 44, 23, 26, 32
1, 4, 5, 48, 19, 21, 9, 56, 27, 32
1, 3, 4, 5, 9, 10, 12, 21, 27, 32
65, 3, 4, 5, 9, 19, 23, 27, 1, 61
3, 4, 5, 70, 9, 19, 14, 27, 61, 32
4, 5, 9, 61, 16, 20, 53, 27, 29, 32
1, 4, 5, 70, 9, 19, 20, 27, 61, 32
1, 4, 9, 12, 19, 20, 25, 27, 28, 32
3, 4, 5, 9, 19, 20, 27, 61, 55, 23
1, 4, 5, 9, 11, 47, 19, 21, 32, 17
65, 3, 4, 5, 9, 19, 23, 27, 69, 61
1, 3, 4, 5, 9, 11, 19, 23, 27, 61
1, 65, 3, 5, 50, 19, 21, 27, 61, 63
1, 4, 5, 9, 11, 19, 20, 23, 61, 31
1, 4, 5, 40, 9, 11, 19, 23, 61, 36
1, 4, 5, 10, 19, 20, 57, 27, 32, 21
65, 4, 5, 9, 19, 20, 25, 27, 28, 61
1, 3, 4, 5, 9, 12, 15, 23, 61, 32
1, 33, 4, 5, 9, 12, 20, 23, 61, 32
1, 5, 40, 9, 52, 21, 58, 61, 4, 32
3, 4, 5, 9, 19, 20, 21, 23, 61, 32
40, 4, 5, 9, 15, 19, 23, 27, 61, 31
3, 4, 5, 43, 16, 18, 19, 25, 63, 64
65, 4, 5, 9, 15, 41, 20, 21, 61, 32
3, 4, 5, 9, 61, 19, 20, 58, 57, 29
3, 4, 5, 9, 17, 19, 21, 56, 61, 64
3, 4, 5, 9, 20, 23, 56, 27, 61, 31
3, 4, 9, 15, 48, 56, 25, 27, 61, 32
3, 4, 5, 9, 41, 20, 61, 63, 64, 21
3, 4, 39, 46, 20, 21, 25, 27, 61, 32
3, 4, 5, 9, 61, 17, 19, 27, 29, 69
3, 4, 5, 9, 17, 19, 58, 37, 31, 32
3, 4, 9, 19, 20, 56, 25, 27, 60, 61
3, 5, 9, 46, 15, 19, 25, 63, 32, 4
3, 4, 69, 9, 17, 19, 20, 25, 61, 32
3, 4, 9, 17, 41, 19, 27, 61, 63, 29
3, 69, 9, 17, 20, 58, 25, 5, 61, 31
2, 3, 4, 70, 9, 25, 58, 27, 63, 64
3, 4, 5, 9, 17, 19, 25, 37, 27, 31
3, 68, 9, 19, 4, 25, 27, 63, 32, 41
15, 68, 7, 9, 61, 18, 21, 29, 63, 64
1, 4, 5, 9, 19, 25, 27, 28, 32, 12
1, 3, 4, 40, 9, 19, 25, 27, 61, 32
3, 4, 5, 40, 14, 48, 19, 26, 61, 32
65, 33, 3, 4, 5, 16, 19, 69, 27, 61
1, 3, 4, 5, 14, 19, 54, 55, 61, 32
3, 4, 5, 40, 9, 12, 19, 59, 29, 32
1, 4, 5, 9, 13, 25, 26, 27, 28, 32
3, 39, 9, 48, 49, 25, 56, 57, 27, 33
1, 4, 5, 40, 9, 42, 25, 27, 61, 65
3, 4, 5, 9, 35, 15, 64, 28, 61, 65
3, 4, 5, 9, 35, 23, 19, 56, 69, 39
4, 5, 9, 12, 15, 21, 56, 28, 61, 32
3, 4, 69, 9, 19, 5, 27, 28, 61, 11
3, 4, 5, 70, 9, 44, 15, 28, 32, 19
65, 34, 4, 5, 9, 14, 27, 31, 32, 3
3, 4, 5, 16, 19, 27, 61, 32, 40, 29
3, 4, 9, 15, 49, 52, 56, 27, 61, 32
3, 5, 9, 13, 25, 27, 61, 31, 32, 56
3, 4, 70, 9, 44, 15, 16, 19, 25, 32
1, 4, 5, 9, 15, 25, 61, 32, 3, 59
33, 3, 4, 5, 9, 46, 14, 58, 27, 15
4, 5, 38, 9, 12, 13, 14, 41, 54, 25
34, 3, 4, 5, 9, 44, 19, 25, 37, 64
3, 4, 5, 6, 7, 9, 35, 14, 21, 54
36, 5, 6, 9, 15, 16, 4, 22, 27, 54
4, 5, 6, 9, 15, 16, 58, 25, 69, 30
61, 3, 4, 39, 9, 14, 16, 50, 27, 5
1, 3, 4, 5, 9, 66, 27, 28, 50, 61
2, 35, 4, 5, 9, 14, 15, 41, 58, 27
65, 3, 4, 9, 14, 50, 51, 15, 27, 32
3, 4, 5, 38, 9, 44, 25, 27, 43, 41
3, 5, 39, 9, 17, 19, 25, 27, 29, 32
4, 5, 7, 9, 15, 41, 25, 69, 27, 28
33, 36, 5, 6, 9, 12, 14, 22, 25, 4
3, 4, 5, 40, 9, 43, 35, 20, 53, 25
5, 69, 38, 9, 44, 14, 18, 20, 25, 58
3, 4, 5, 9, 35, 41, 37, 32, 68, 15
3, 4, 5, 64, 9, 43, 21, 25, 27, 14
3, 4, 5, 6, 9, 15, 16, 69, 27, 30
3, 4, 5, 39, 9, 70, 17, 6, 25, 27
3, 4, 5, 39, 9, 46, 15, 56, 27, 61
1, 3, 4, 5, 9, 46, 25, 27, 61, 32
3, 4, 5, 39, 9, 46, 15, 56, 27, 61
3, 4, 5, 39, 46, 15, 56, 27, 61, 9
3, 4, 5, 38, 9, 46, 55, 25, 61, 32
33, 3, 4, 5, 9, 41, 56, 25, 29, 1
35, 4, 5, 70, 9, 3, 18, 25, 27, 61
3, 4, 7, 9, 15, 41, 57, 56, 25, 61
3, 4, 9, 21, 22, 24, 25, 27, 61, 5
3, 4, 5, 9, 46, 41, 24, 25, 27, 61
33, 3, 4, 5, 9, 15, 25, 55, 56, 57
3, 4, 68, 6, 9, 15, 21, 56, 27, 32
3, 4, 5, 7, 9, 12, 25, 27, 61, 32
1, 3, 5, 40, 9, 46, 15, 27, 32, 56
33, 3, 4, 5, 9, 46, 15, 25, 61, 31
1, 3, 4, 39, 9, 46, 25, 61, 32, 27
3, 4, 5, 9, 49, 55, 25, 58, 61, 32
2, 3, 4, 5, 6, 9, 18, 27, 61, 31
3, 4, 5, 7, 9, 21, 25, 27, 61, 45
3, 4, 5, 38, 9, 44, 46, 61, 32, 27
4, 5, 41, 51, 52, 24, 25, 27, 30, 32
4, 5, 64, 49, 18, 22, 25, 27, 61, 32
58, 4, 9, 11, 48, 18, 25, 61, 32, 27
1, 4, 39, 9, 11, 15, 52, 27, 28, 32
35, 4, 69, 48, 11, 51, 25, 27, 61, 32
3, 4, 9, 43, 15, 21, 25, 59, 61, 27
4, 5, 45, 25, 54, 23, 57, 27, 49, 11
35, 4, 5, 51, 25, 27, 61, 31, 32, 24
4, 5, 42, 11, 18, 51, 25, 27, 61, 30
56, 4, 5, 41, 14, 48, 25, 27, 61, 32
4, 5, 6, 9, 18, 21, 25, 24, 61, 32
33, 4, 39, 9, 11, 25, 27, 61, 32, 15
1, 4, 5, 39, 41, 24, 25, 27, 61, 32
4, 50, 9, 49, 18, 52, 27, 64, 61, 32
1, 4, 5, 39, 9, 50, 25, 27, 61, 32
35, 4, 21, 39, 9, 25, 27, 61, 32, 23
4, 9, 12, 50, 51, 52, 27, 30, 32, 5
4, 5, 6, 39, 9, 50, 25, 27, 61, 32
1, 4, 11, 15, 54, 25, 27, 61, 32, 9
4, 5, 11, 56, 51, 52, 24, 25, 27, 32
3, 4, 5, 9, 13, 14, 24, 57, 27, 32
3, 4, 5, 9, 14, 21, 56, 25, 61, 32
3, 4, 5, 9, 17, 21, 25, 27, 61, 32
3, 4, 5, 9, 17, 21, 25, 27, 61, 32
3, 4, 5, 14, 21, 25, 27, 61, 41, 9
3, 4, 5, 9, 14, 21, 25, 27, 28, 32
3, 4, 5, 9, 15, 17, 57, 27, 28, 32
3, 4, 5, 7, 9, 14, 25, 26, 61, 32
3, 4, 5, 9, 14, 21, 56, 25, 61, 32
3, 4, 5, 9, 14, 21, 56, 25, 61, 32
3, 4, 5, 6, 9, 15, 48, 27, 61, 32
3, 4, 5, 9, 14, 25, 27, 61, 32, 21
3, 4, 5, 9, 14, 21, 25, 27, 28, 32
3, 4, 5, 9, 14, 25, 57, 61, 31, 27
3, 4, 5, 9, 48, 25, 27, 61, 62, 32
66, 3, 4, 5, 9, 21, 28, 61, 32, 25
1, 3, 5, 9, 14, 21, 56, 25, 27, 61
3, 4, 5, 9, 13, 48, 24, 25, 61, 32
3, 4, 5, 15, 21, 24, 26, 27, 61, 32
3, 4, 5, 9, 13, 14, 56, 57, 61, 32
1, 4, 5, 39, 9, 42, 48, 21, 61, 32
1, 4, 5, 9, 46, 19, 21, 54, 57, 33
61, 4, 5, 39, 9, 18, 27, 57, 25, 32
68, 4, 5, 9, 11, 21, 25, 61, 63, 20
3, 4, 5, 70, 9, 50, 25, 60, 63, 32
3, 4, 5, 9, 50, 54, 55, 25, 58, 61
3, 4, 5, 9, 54, 25, 61, 32, 1, 39
1, 3, 5, 38, 9, 48, 51, 27, 61, 32
1, 4, 5, 9, 11, 21, 25, 61, 3, 32
3, 4, 5, 9, 46, 53, 54, 55, 61, 32
33, 40, 9, 43, 46, 41, 21, 61, 32, 5
2, 3, 9, 29, 44, 53, 54, 25, 61, 32
4, 5, 9, 50, 36, 25, 60, 62, 32, 44
3, 36, 5, 9, 57, 54, 25, 29, 63, 32
1, 4, 5, 9, 25, 21, 57, 61, 31, 32
1, 4, 5, 6, 9, 46, 54, 25, 58, 32
3, 4, 5, 70, 9, 2, 54, 25, 63, 32
3, 4, 5, 38, 9, 17, 25, 27, 61, 36
53, 3, 4, 5, 9, 18, 52, 54, 61, 32
3, 4, 5, 9, 46, 41, 55, 57, 61, 32
4, 5, 39, 18, 19, 23, 27, 61, 32, 3
3, 4, 9, 12, 19, 20, 53, 61, 32, 17
3, 4, 5, 39, 9, 18, 19, 54, 61, 31
20, 34, 3, 38, 13, 48, 19, 52, 61, 32
3, 4, 5, 9, 19, 52, 23, 25, 61, 32
4, 5, 9, 15, 19, 23, 61, 63, 32, 25
3, 4, 40, 9, 19, 20, 27, 61, 32, 48
20, 3, 68, 9, 4, 53, 63, 27, 61, 32
3, 4, 9, 15, 41, 19, 20, 23, 61, 59
34, 3, 68, 5, 6, 13, 15, 4, 24, 32
3, 4, 9, 13, 19, 23, 25, 61, 16, 5
3, 4, 5, 9, 48, 19, 20, 63, 32, 61
3, 4, 5, 9, 48, 17, 52, 25, 61, 32
66, 4, 9, 48, 20, 23, 27, 61, 32, 5
34, 3, 5, 70, 9, 13, 41, 48, 61, 32
4, 5, 9, 48, 19, 20, 58, 61, 64, 3
3, 4, 5, 9, 13, 15, 22, 25, 32, 68
3, 4, 9, 41, 19, 20, 25, 27, 61, 64
34, 3, 4, 5, 9, 52, 27, 61, 32, 15
65, 3, 68, 9, 52, 23, 19, 27, 61, 4
1, 4, 5, 6, 9, 15, 22, 25, 28, 20
1, 4, 5, 6, 9, 15, 22, 25, 28, 21
1, 4, 5, 43, 15, 20, 21, 22, 25, 28
1, 4, 5, 7, 9, 15, 21, 22, 25, 11
1, 4, 5, 43, 15, 20, 21, 22, 28, 9
1, 4, 5, 9, 15, 19, 20, 22, 63, 32
1, 4, 5, 9, 21, 22, 25, 28, 61, 32
1, 4, 5, 47, 15, 19, 20, 21, 22, 25
1, 4, 5, 9, 19, 20, 21, 22, 25, 28
1, 4, 5, 9, 19, 20, 40, 25, 63, 32
1, 4, 5, 9, 19, 20, 21, 22, 25, 28
1, 4, 5, 9, 57, 19, 21, 22, 25, 28
1, 5, 9, 19, 20, 21, 22, 25, 28, 4
4, 5, 2, 43, 21, 22, 25, 26, 28, 32
1, 4, 5, 38, 10, 12, 17, 19, 21, 61
1, 44, 5, 9, 19, 20, 21, 22, 25, 28
1, 4, 5, 9, 42, 20, 21, 25, 32, 15
1, 5, 9, 45, 21, 22, 61, 63, 32, 19
1, 4, 5, 9, 19, 20, 21, 25, 63, 29
1, 4, 5, 9, 50, 19, 20, 21, 25, 32
3, 4, 5, 9, 48, 19, 23, 58, 61, 32
4, 5, 7, 19, 21, 25, 27, 28, 61, 3
3, 4, 5, 6, 39, 19, 21, 25, 27, 28
3, 4, 5, 9, 46, 19, 31, 57, 27, 61
3, 4, 5, 39, 9, 19, 56, 57, 27, 25
4, 5, 9, 43, 19, 22, 25, 3, 61, 44
3, 4, 5, 9, 19, 25, 27, 64, 61, 32
4, 69, 9, 42, 46, 19, 5, 27, 28, 61
65, 67, 68, 5, 9, 19, 4, 21, 59, 69
3, 4, 5, 9, 43, 19, 25, 27, 61, 57
1, 4, 5, 40, 9, 42, 21, 25, 61, 32
4, 69, 39, 46, 48, 19, 21, 5, 27, 61
4, 5, 9, 43, 19, 25, 27, 64, 61, 32
67, 4, 5, 9, 48, 57, 27, 61, 32, 62
3, 36, 5, 9, 25, 24, 57, 27, 61, 32
3, 9, 52, 48, 19, 25, 27, 61, 32, 1
1, 4, 5, 7, 68, 25, 21, 57, 27, 61
3, 4, 5, 9, 16, 19, 21, 57, 63, 32
3, 4, 5, 9, 57, 21, 56, 25, 27, 51
3, 4, 5, 6, 39, 19, 21, 56, 25, 28
1, 28, 4, 9, 15, 18, 19, 25, 63, 32
2, 3, 4, 5, 43, 20, 25, 58, 30, 32
3, 4, 9, 13, 20, 25, 26, 61, 30, 32
3, 5, 39, 9, 68, 52, 23, 26, 27, 32
3, 4, 69, 47, 19, 20, 40, 27, 61, 65
20, 2, 4, 70, 9, 18, 19, 52, 29, 32
3, 70, 9, 19, 20, 25, 27, 61, 63, 32
3, 4, 5, 7, 9, 11, 19, 53, 26, 32
65, 20, 3, 4, 9, 50, 19, 52, 25, 29
2, 4, 6, 9, 29, 25, 26, 27, 28, 61
2, 7, 9, 19, 20, 56, 25, 58, 27, 60
65, 3, 4, 9, 13, 18, 20, 55, 61, 32
3, 4, 9, 51, 19, 20, 25, 43, 27, 61
1, 3, 4, 9, 43, 20, 25, 58, 27, 6
54, 3, 37, 9, 42, 43, 25, 26, 27, 39
3, 4, 5, 7, 9, 11, 15, 24, 61, 32
3, 9, 45, 13, 16, 20, 53, 25, 26, 27
2, 3, 18, 9, 50, 19, 20, 25, 26, 64
2, 3, 9, 19, 20, 55, 26, 31, 32, 69
2, 3, 9, 11, 18, 20, 25, 27, 64, 50
4, 70, 39, 9, 11, 19, 52, 25, 27, 6
3, 4, 49, 9, 48, 19, 56, 25, 61, 32
3, 4, 5, 9, 19, 24, 25, 27, 63, 32
3, 4, 5, 51, 19, 52, 25, 61, 32, 58
3, 4, 69, 9, 11, 51, 25, 5, 27, 61
3, 4, 5, 9, 11, 52, 54, 58, 61, 32
33, 3, 4, 5, 42, 19, 23, 27, 61, 32
4, 5, 6, 9, 11, 19, 15, 51, 64, 58
3, 4, 5, 9, 11, 20, 28, 61, 32, 31
3, 4, 5, 9, 50, 54, 25, 27, 61, 32
3, 5, 9, 19, 54, 27, 63, 32, 33, 4
33, 3, 4, 5, 54, 25, 58, 61, 32, 27
2, 4, 5, 9, 52, 56, 25, 58, 27, 61
33, 3, 4, 5, 9, 19, 54, 25, 61, 32
3, 5, 9, 19, 54, 25, 27, 61, 63, 32
3, 5, 9, 19, 54, 25, 27, 61, 63, 32
3, 4, 5, 9, 15, 51, 58, 63, 32, 19
3, 4, 5, 9, 50, 23, 56, 25, 27, 62
3, 4, 5, 9, 11, 25, 27, 59, 32, 66
3, 4, 5, 40, 9, 51, 22, 25, 63, 32
3, 4, 5, 9, 44, 25, 27, 61, 32, 19
65, 3, 4, 9, 12, 19, 20, 57, 27, 61
3, 4, 9, 61, 54, 25, 27, 29, 32, 65
3, 4, 69, 9, 16, 19, 20, 25, 30, 32
49, 3, 4, 9, 17, 20, 25, 26, 61, 19
3, 4, 5, 9, 12, 19, 25, 27, 32, 17
65, 3, 4, 9, 11, 54, 24, 61, 63, 32
65, 4, 6, 9, 44, 19, 20, 27, 61, 32
3, 4, 5, 9, 25, 26, 27, 61, 62, 32
3, 4, 5, 9, 61, 44, 19, 27, 29, 32
3, 4, 5, 9, 13, 36, 25, 27, 61, 32
35, 4, 5, 39, 9, 44, 54, 25, 32, 62
3, 5, 4, 39, 11, 44, 9, 24, 61, 32
3, 4, 5, 9, 61, 44, 17, 20, 29, 32
4, 5, 7, 9, 29, 12, 19, 20, 27, 61
3, 4, 5, 9, 15, 16, 21, 25, 32, 43
4, 5, 39, 9, 44, 48, 54, 25, 32, 27
3, 4, 38, 39, 9, 20, 25, 27, 29, 32
65, 4, 5, 9, 20, 21, 54, 25, 61, 63
3, 4, 5, 9, 15, 20, 25, 26, 61, 32
1, 2, 4, 14, 18, 19, 25, 61, 32, 5
1, 4, 5, 40, 9, 61, 50, 19, 18, 29
1, 4, 5, 9, 43, 18, 19, 28, 61, 50
1, 66, 4, 41, 14, 18, 19, 25, 27, 32
1, 4, 5, 18, 9, 50, 19, 28, 61, 68
1, 3, 4, 5, 42, 43, 18, 19, 56, 61
1, 4, 5, 9, 19, 20, 38, 27, 61, 32
1, 3, 4, 5, 19, 20, 25, 60, 29, 32
1, 4, 5, 9, 46, 30, 25, 56, 61, 59
1, 20, 3, 43, 5, 34, 9, 19, 4, 30
1, 4, 5, 9, 19, 20, 25, 27, 28, 61
1, 4, 5, 41, 18, 19, 24, 25, 26, 32
38, 3, 4, 9, 19, 24, 25, 27, 61, 32
1, 4, 5, 40, 9, 51, 19, 25, 28, 61
1, 34, 37, 57, 43, 25, 5, 27, 16, 32
67, 4, 9, 3, 19, 20, 27, 61, 63, 32
2, 3, 4, 37, 19, 68, 25, 26, 27, 61
1, 11, 5, 40, 18, 19, 20, 25, 27, 29
1, 69, 4, 5, 40, 9, 68, 24, 25, 26
1, 68, 5, 55, 18, 4, 27, 61, 32, 20
4, 5, 7, 9, 50, 20, 22, 24, 25, 64
1, 4, 5, 7, 9, 18, 20, 21, 25, 15
3, 4, 7, 9, 18, 19, 46, 25, 27, 33
4, 5, 70, 9, 46, 19, 21, 25, 30, 1
4, 5, 70, 7, 42, 18, 19, 25, 27, 1
1, 4, 5, 70, 43, 18, 19, 21, 27, 30
1, 65, 4, 5, 7, 9, 18, 19, 14, 25
1, 3, 5, 38, 7, 9, 19, 20, 22, 25
1, 4, 5, 7, 43, 51, 19, 20, 25, 27
1, 4, 5, 7, 43, 18, 19, 21, 25, 30
1, 33, 5, 7, 9, 13, 19, 20, 25, 64
1, 4, 5, 70, 43, 18, 19, 27, 30, 64
1, 4, 7, 13, 16, 19, 20, 21, 22, 25
1, 4, 5, 70, 7, 9, 21, 22, 56, 25
1, 4, 5, 40, 9, 19, 20, 25, 27, 62
1, 4, 5, 7, 9, 19, 31, 21, 69, 27
3, 4, 5, 7, 9, 49, 18, 19, 25, 27
1, 4, 5, 7, 9, 15, 16, 18, 21, 25
3, 5, 38, 7, 13, 18, 19, 20, 21, 25
3, 4, 70, 7, 9, 19, 21, 25, 27, 32
5, 68, 3, 9, 49, 19, 4, 25, 32, 61
3, 5, 6, 9, 19, 20, 25, 61, 32, 4
3, 4, 5, 9, 49, 21, 27, 61, 32, 25
3, 4, 5, 9, 44, 49, 20, 50, 27, 12
3, 4, 5, 9, 19, 20, 25, 27, 29, 49
3, 4, 5, 9, 21, 25, 27, 28, 29, 20
3, 5, 9, 14, 55, 25, 27, 61, 32, 20
3, 4, 5, 9, 42, 19, 20, 55, 59, 32
3, 4, 5, 9, 19, 20, 22, 25, 27, 28
3, 4, 5, 9, 42, 19, 20, 22, 27, 61
3, 6, 9, 67, 49, 20, 25, 27, 61, 32
4, 5, 40, 9, 49, 20, 27, 61, 32, 3
20, 1, 4, 5, 9, 68, 25, 27, 61, 19
1, 3, 4, 5, 9, 19, 52, 60, 29, 32
43, 4, 5, 9, 67, 19, 20, 25, 27, 61
3, 5, 9, 12, 49, 20, 25, 27, 61, 32
3, 5, 9, 14, 49, 20, 25, 27, 61, 32
4, 70, 39, 51, 42, 49, 25, 27, 61, 32
3, 4, 5, 9, 67, 19, 20, 22, 27, 61
3, 4, 5, 9, 20, 55, 25, 27, 61, 32
33, 66, 37, 42, 44, 45, 57, 27, 61, 38
66, 68, 40, 42, 44, 20, 25, 28, 61, 32
33, 66, 37, 42, 44, 45, 50, 51, 27, 61
66, 67, 37, 2, 42, 44, 50, 51, 28, 32
2, 70, 9, 42, 44, 25, 58, 27, 31, 30
33, 2, 37, 42, 44, 20, 59, 61, 32, 67
66, 70, 9, 44, 25, 27, 61, 32, 59, 2
1, 36, 70, 40, 9, 42, 14, 25, 61, 32
1, 66, 70, 42, 11, 44, 27, 61, 32, 51
2, 37, 70, 9, 44, 57, 25, 61, 38, 32
33, 37, 9, 44, 17, 25, 58, 27, 61, 32
2, 68, 42, 44, 18, 21, 25, 58, 27, 32
2, 39, 66, 42, 14, 57, 55, 25, 61, 27
2, 37, 70, 9, 42, 46, 25, 28, 61, 32
33, 35, 37, 44, 25, 58, 59, 61, 27, 31
38, 9, 44, 46, 20, 25, 27, 63, 70, 32
33, 70, 40, 42, 44, 17, 10, 27, 61, 32
38, 39, 21, 42, 20, 25, 27, 62, 63, 70
66, 70, 9, 11, 44, 46, 27, 61, 32, 25
1, 66, 39, 42, 44, 50, 51, 61, 30, 32
3, 4, 5, 9, 14, 15, 19, 20, 24, 32
1, 5, 9, 42, 19, 52, 25, 59, 27, 3
3, 5, 9, 43, 12, 20, 54, 24, 27, 61
4, 5, 70, 43, 14, 19, 52, 21, 25, 27
3, 4, 11, 14, 15, 53, 56, 57, 27, 28
3, 4, 5, 9, 43, 14, 19, 52, 59, 32
4, 5, 9, 11, 55, 20, 27, 29, 31, 28
3, 4, 9, 43, 36, 50, 19, 53, 32, 25
3, 4, 5, 9, 12, 57, 54, 25, 59, 32
3, 5, 40, 9, 17, 41, 25, 27, 61, 32
3, 4, 5, 38, 19, 52, 25, 59, 28, 27
4, 5, 9, 14, 17, 19, 68, 57, 27, 32
1, 4, 5, 9, 48, 17, 19, 20, 59, 61
3, 4, 18, 42, 19, 20, 25, 27, 28, 50
1, 4, 5, 9, 42, 14, 19, 20, 57, 3
1, 4, 53, 42, 19, 20, 25, 59, 32, 9
3, 4, 5, 14, 15, 57, 19, 25, 27, 28
3, 5, 40, 9, 25, 59, 61, 27, 32, 15
3, 4, 9, 5, 21, 24, 25, 53, 28, 61
2, 68, 11, 14, 3, 17, 19, 20, 53, 27
1, 4, 5, 9, 15, 21, 22, 60, 30, 32
1, 4, 5, 9, 19, 21, 22, 25, 29, 63
1, 66, 4, 5, 9, 19, 21, 55, 25, 32
1, 4, 5, 9, 15, 19, 21, 22, 55, 29
1, 4, 5, 9, 50, 19, 21, 55, 25, 66
1, 4, 5, 9, 44, 50, 21, 55, 25, 62
1, 36, 5, 6, 9, 15, 19, 4, 21, 22
1, 34, 4, 5, 27, 19, 21, 55, 62, 63
1, 4, 5, 9, 61, 44, 19, 22, 29, 30
1, 3, 4, 5, 9, 18, 19, 21, 23, 62
1, 66, 35, 4, 5, 19, 22, 56, 63, 32
1, 4, 5, 9, 19, 21, 22, 61, 30, 15
1, 35, 4, 5, 11, 19, 22, 30, 63, 32
1, 4, 70, 9, 61, 19, 21, 22, 29, 30
1, 66, 4, 5, 9, 15, 30, 27, 59, 38
3, 4, 5, 9, 14, 48, 49, 20, 21, 55
1, 66, 4, 9, 42, 45, 15, 19, 21, 58
1, 33, 4, 5, 9, 15, 19, 21, 56, 30
1, 4, 9, 15, 49, 19, 21, 55, 25, 62
1, 66, 4, 5, 9, 42, 15, 32, 21, 58
4, 5, 38, 44, 45, 51, 18, 19, 27, 61
4, 5, 9, 11, 19, 51, 56, 27, 63, 32
66, 4, 5, 11, 19, 25, 27, 61, 32, 44
66, 4, 62, 70, 9, 42, 45, 27, 29, 32
67, 5, 9, 44, 46, 19, 20, 25, 27, 63
4, 5, 40, 9, 19, 25, 27, 61, 36, 38
4, 5, 42, 11, 44, 20, 25, 27, 63, 32
62, 4, 5, 39, 45, 19, 20, 27, 31, 64
4, 5, 38, 44, 13, 51, 16, 19, 9, 61
66, 4, 11, 44, 19, 20, 25, 62, 32, 46
4, 69, 11, 12, 14, 19, 25, 27, 61, 35
4, 69, 11, 14, 19, 21, 25, 27, 61, 32
36, 69, 12, 14, 19, 21, 25, 27, 61, 32
4, 5, 38, 9, 11, 48, 19, 20, 53, 25
4, 38, 49, 42, 46, 19, 56, 25, 6, 32
4, 5, 38, 44, 45, 49, 20, 57, 27, 61
4, 5, 38, 9, 19, 25, 27, 61, 20, 11
67, 4, 69, 11, 46, 19, 25, 27, 61, 32
66, 69, 9, 11, 44, 48, 19, 20, 29, 32
4, 5, 38, 45, 19, 36, 25, 27, 61, 32
33, 35, 4, 5, 9, 42, 19, 20, 27, 32
3, 4, 5, 7, 9, 42, 35, 22, 61, 32
3, 4, 70, 9, 42, 35, 20, 61, 31, 64
9, 4, 41, 42, 11, 19, 25, 61, 62, 32
34, 4, 5, 9, 42, 19, 20, 61, 32, 27
34, 4, 70, 9, 42, 16, 19, 20, 61, 32
20, 4, 42, 19, 51, 22, 23, 61, 31, 32
33, 1, 4, 39, 9, 17, 19, 57, 61, 32
3, 5, 46, 18, 19, 22, 2, 25, 27, 32
33, 3, 4, 6, 9, 17, 19, 61, 32, 5
3, 4, 6, 9, 43, 17, 51, 25, 61, 32
33, 3, 4, 45, 18, 19, 20, 22, 59, 61
1, 3, 4, 5, 6, 9, 42, 20, 61, 62
34, 3, 4, 5, 9, 42, 33, 27, 61, 32
4, 5, 9, 17, 19, 25, 61, 63, 32, 20
33, 3, 4, 9, 11, 25, 27, 61, 32, 5
33, 3, 5, 70, 41, 42, 44, 9, 61, 63
1, 4, 5, 39, 9, 25, 61, 62, 6, 19
65, 3, 4, 5, 35, 16, 25, 57, 27, 61
3, 4, 70, 39, 9, 42, 21, 25, 59, 32
3, 4, 5, 40, 9, 19, 20, 53, 54, 27
3, 4, 5, 6, 17, 26, 25, 58, 27, 28
1, 20, 4, 33, 9, 18, 19, 36, 25, 27
3, 35, 5, 9, 51, 19, 20, 25, 62, 46
67, 4, 5, 9, 3, 50, 19, 20, 21, 23
20, 36, 3, 4, 5, 9, 52, 53, 25, 1
4, 5, 39, 9, 61, 20, 25, 27, 29, 46
60, 4, 5, 9, 45, 13, 20, 21, 24, 27
3, 4, 9, 46, 50, 21, 23, 25, 27, 59
1, 36, 67, 4, 5, 9, 19, 20, 23, 27
3, 4, 5, 9, 16, 53, 54, 21, 27, 28
3, 4, 5, 9, 42, 50, 53, 25, 60, 61
1, 3, 4, 5, 9, 67, 19, 57, 27, 63
4, 5, 9, 16, 19, 20, 25, 27, 61, 28
1, 3, 4, 5, 9, 50, 19, 20, 25, 27
3, 4, 6, 9, 19, 20, 55, 25, 27, 61
4, 5, 40, 9, 43, 19, 36, 55, 18, 61
4, 5, 9, 16, 19, 20, 53, 27, 61, 25
67, 4, 5, 9, 3, 18, 20, 21, 23, 25
3, 4, 5, 40, 9, 19, 59, 54, 25, 28
3, 4, 69, 70, 9, 19, 20, 27, 32, 12
3, 4, 70, 9, 61, 19, 20, 29, 32, 1
1, 3, 4, 70, 9, 17, 19, 20, 27, 29
4, 2, 3, 69, 9, 18, 19, 20, 61, 32
3, 4, 9, 61, 45, 18, 20, 29, 32, 59
3, 4, 8, 9, 61, 18, 19, 20, 29, 32
3, 4, 9, 12, 18, 19, 20, 27, 32, 30
2, 3, 37, 9, 44, 49, 19, 20, 27, 32
2, 69, 9, 61, 16, 18, 19, 20, 56, 29
3, 9, 29, 18, 19, 20, 61, 32, 4, 22
3, 4, 9, 12, 18, 19, 20, 53, 27, 32
2, 3, 4, 44, 18, 19, 20, 27, 32, 61
3, 4, 9, 12, 18, 20, 53, 27, 32, 19
3, 4, 9, 16, 18, 19, 24, 58, 27, 32
65, 2, 3, 9, 13, 18, 19, 20, 27, 63
2, 4, 9, 16, 18, 19, 20, 61, 30, 32
2, 4, 70, 8, 9, 18, 19, 20, 31, 32
2, 4, 70, 9, 11, 18, 19, 20, 31, 32
67, 4, 9, 18, 19, 20, 22, 59, 61, 32
2, 4, 70, 44, 18, 19, 20, 59, 29, 32
1, 4, 5, 9, 15, 17, 21, 61, 32, 23
1, 4, 5, 9, 15, 20, 21, 54, 25, 19
3, 4, 5, 7, 9, 15, 20, 21, 61, 32
3, 5, 31, 9, 20, 23, 58, 64, 4, 21
3, 4, 5, 9, 11, 15, 19, 23, 25, 32
3, 4, 5, 7, 9, 20, 21, 55, 25, 32
3, 4, 5, 9, 48, 19, 23, 61, 54, 15
1, 4, 6, 9, 15, 20, 21, 23, 25, 61
3, 4, 39, 40, 9, 54, 64, 61, 32, 25
3, 4, 19, 9, 15, 21, 5, 61, 32, 1
1, 4, 5, 9, 11, 19, 20, 57, 61, 32
3, 4, 5, 9, 15, 18, 19, 20, 23, 51
2, 3, 4, 5, 9, 15, 20, 21, 58, 19
1, 4, 5, 9, 20, 54, 23, 56, 61, 32
3, 4, 5, 9, 15, 19, 20, 38, 61, 32
1, 4, 5, 70, 15, 19, 23, 61, 32, 11
3, 4, 69, 9, 15, 19, 20, 21, 5, 32
1, 4, 5, 38, 9, 15, 20, 21, 58, 59
3, 4, 5, 9, 15, 20, 21, 14, 61, 32
3, 4, 5, 10, 43, 19, 20, 58, 61, 32
3, 4, 5, 9, 11, 15, 18, 19, 52, 64
34, 4, 5, 9, 15, 48, 20, 21, 61, 63
1, 4, 5, 9, 46, 15, 19, 20, 21, 58
1, 4, 5, 9, 66, 16, 52, 21, 25, 58
3, 4, 5, 9, 15, 20, 21, 25, 58, 32
3, 4, 5, 9, 46, 15, 49, 20, 28, 61
52, 40, 4, 5, 9, 15, 20, 21, 60, 61
3, 4, 9, 15, 19, 20, 53, 25, 67, 61
3, 4, 5, 9, 12, 15, 20, 21, 32, 18
2, 3, 4, 66, 15, 19, 20, 54, 60, 63
34, 4, 5, 9, 15, 48, 20, 21, 54, 63
33, 3, 4, 5, 9, 15, 21, 57, 61, 26
3, 4, 5, 9, 44, 15, 19, 20, 39, 32
3, 4, 9, 14, 15, 7, 20, 21, 57, 61
5, 51, 9, 15, 44, 49, 57, 61, 30, 32
3, 4, 5, 9, 46, 19, 20, 54, 58, 63
3, 5, 9, 43, 15, 20, 21, 26, 64, 4
3, 4, 5, 9, 15, 20, 21, 53, 64, 32
3, 4, 5, 9, 15, 20, 21, 58, 16, 47
3, 4, 5, 9, 12, 14, 20, 26, 31, 32
33, 67, 9, 12, 45, 3, 49, 25, 61, 32
65, 34, 3, 9, 48, 20, 25, 27, 29, 32
3, 36, 38, 8, 9, 53, 25, 27, 32, 54
3, 68, 9, 42, 44, 25, 57, 59, 61, 32
33, 66, 67, 56, 9, 12, 48, 27, 44, 32
3, 8, 9, 61, 46, 53, 25, 27, 29, 32
3, 12, 68, 9, 44, 19, 25, 27, 61, 32
33, 66, 38, 12, 49, 50, 19, 27, 28, 61
1, 3, 68, 38, 9, 42, 21, 25, 27, 29
33, 3, 68, 9, 42, 46, 25, 27, 61, 32
3, 8, 9, 48, 49, 57, 27, 61, 32, 20
2, 3, 9, 44, 13, 14, 25, 27, 29, 32
3, 58, 8, 9, 46, 25, 27, 61, 32, 45
34, 3, 8, 9, 45, 46, 25, 27, 61, 32
34, 48, 43, 9, 45, 46, 25, 27, 61, 32
3, 38, 8, 9, 42, 12, 49, 25, 27, 32
3, 68, 5, 9, 44, 14, 35, 25, 27, 32
33, 3, 8, 9, 61, 46, 25, 27, 29, 32
3, 8, 9, 42, 12, 48, 25, 27, 32, 61
3, 36, 38, 8, 9, 49, 54, 27, 29, 32
2, 3, 4, 5, 9, 14, 25, 27, 69, 32
33, 34, 4, 5, 7, 19, 24, 27, 61, 32
2, 3, 4, 9, 14, 25, 27, 61, 32, 48
3, 4, 5, 9, 13, 49, 27, 61, 32, 44
3, 4, 5, 43, 52, 19, 54, 25, 26, 61
29, 4, 5, 9, 45, 19, 20, 55, 27, 61
3, 5, 9, 13, 49, 27, 64, 61, 32, 54
2, 3, 4, 18, 11, 44, 19, 25, 61, 32
33, 3, 4, 5, 9, 45, 15, 21, 61, 32
4, 5, 48, 19, 20, 21, 54, 23, 24, 27
3, 4, 5, 9, 16, 49, 19, 21, 69, 27
3, 4, 5, 9, 20, 53, 25, 61, 32, 62
2, 35, 5, 9, 12, 14, 25, 27, 61, 32
3, 4, 5, 9, 14, 48, 54, 25, 27, 61
3, 4, 9, 11, 44, 19, 27, 61, 32, 45
3, 4, 9, 43, 14, 50, 54, 27, 61, 12
3, 4, 9, 43, 19, 20, 21, 57, 30, 27
3, 4, 5, 9, 45, 35, 25, 27, 61, 14
3, 4, 5, 45, 46, 19, 20, 34, 30, 32
34, 3, 9, 48, 41, 19, 20, 54, 61, 32
1, 4, 5, 9, 18, 53, 54, 25, 58, 47
1, 35, 4, 25, 9, 18, 19, 27, 29, 59
1, 4, 5, 18, 46, 51, 50, 19, 27, 60
1, 4, 5, 18, 46, 51, 50, 19, 27, 60
1, 4, 5, 7, 18, 19, 25, 26, 27, 60
1, 4, 5, 7, 18, 19, 25, 37, 27, 32
1, 4, 5, 9, 14, 49, 50, 60, 64, 15
4, 5, 50, 9, 18, 19, 53, 21, 63, 44
66, 4, 5, 39, 46, 50, 51, 37, 27, 32
1, 3, 5, 43, 12, 67, 49, 18, 19, 20
1, 4, 37, 7, 40, 49, 50, 26, 5, 27
1, 4, 5, 9, 14, 38, 18, 7, 60, 25
4, 5, 9, 46, 16, 50, 19, 54, 27, 63
66, 4, 5, 70, 45, 20, 54, 25, 58, 27
66, 4, 5, 9, 14, 16, 18, 37, 27, 32
1, 4, 5, 9, 44, 14, 25, 37, 27, 32
1, 33, 35, 4, 9, 18, 20, 22, 26, 32
34, 4, 5, 7, 18, 19, 25, 27, 61, 64
1, 3, 70, 29, 45, 15, 17, 21, 61, 32
17, 66, 4, 69, 15, 16, 49, 51, 25, 27
34, 4, 5, 9, 48, 63, 25, 26, 27, 61
1, 3, 4, 9, 52, 56, 61, 63, 32, 27
3, 4, 9, 42, 58, 16, 17, 25, 27, 61
65, 3, 5, 40, 9, 23, 25, 27, 61, 32
3, 4, 9, 45, 46, 25, 27, 61, 32, 14
3, 36, 70, 48, 17, 4, 25, 26, 61, 58
3, 4, 40, 9, 42, 23, 25, 27, 32, 5
3, 36, 5, 40, 9, 4, 23, 25, 61, 30
1, 3, 4, 9, 29, 36, 56, 61, 32, 5
3, 4, 5, 9, 14, 36, 25, 26, 27, 29
36, 3, 4, 9, 52, 39, 61, 32, 70, 48
1, 3, 4, 5, 9, 29, 69, 56, 61, 32
3, 4, 9, 16, 17, 25, 26, 48, 61, 32
3, 4, 9, 36, 23, 25, 26, 61, 32, 29
34, 4, 41, 40, 9, 25, 26, 27, 29, 32
34, 4, 9, 52, 23, 25, 61, 57, 32, 3
1, 36, 3, 4, 5, 9, 52, 56, 61, 32
65, 3, 5, 9, 52, 56, 27, 61, 63, 32
3, 4, 5, 40, 17, 55, 8, 27, 61, 32
65, 4, 5, 9, 14, 6, 25, 26, 32, 3
66, 4, 5, 37, 53, 25, 27, 61, 26, 2
4, 5, 23, 21, 63, 19, 55, 25, 61, 32
2, 35, 4, 37, 9, 44, 53, 25, 27, 61
34, 37, 70, 9, 44, 22, 27, 61, 32, 5
34, 5, 6, 9, 29, 15, 55, 27, 61, 32
34, 36, 37, 38, 9, 29, 44, 49, 61, 32
2, 4, 5, 51, 52, 55, 25, 27, 61, 31
66, 4, 5, 9, 34, 55, 25, 27, 61, 32
66, 4, 9, 32, 46, 15, 65, 57, 27, 61
2, 4, 5, 51, 52, 55, 25, 27, 61, 31
66, 4, 5, 9, 12, 19, 23, 25, 27, 61
35, 4, 5, 9, 44, 49, 52, 32, 61, 64
66, 35, 4, 9, 44, 15, 57, 27, 61, 5
66, 35, 4, 9, 44, 15, 23, 25, 27, 61
35, 68, 37, 39, 40, 42, 44, 4, 57, 61
66, 5, 6, 34, 52, 54, 26, 27, 61, 32
66, 4, 5, 9, 44, 25, 26, 27, 61, 32
6, 9, 44, 46, 19, 55, 25, 27, 61, 64
2, 5, 6, 9, 17, 19, 52, 23, 26, 32
2, 68, 6, 52, 28, 25, 26, 27, 61, 32
3, 4, 69, 7, 22, 9, 15, 48, 25, 64
45, 4, 5, 9, 15, 48, 19, 25, 49, 21
1, 4, 5, 9, 19, 21, 24, 25, 61, 13
65, 3, 4, 69, 7, 40, 9, 18, 19, 25
1, 4, 5, 9, 43, 19, 21, 50, 25, 27
1, 33, 4, 5, 18, 19, 52, 61, 32, 22
34, 4, 5, 15, 19, 25, 32, 64, 39, 9
1, 33, 4, 5, 19, 22, 27, 61, 32, 25
1, 65, 4, 5, 9, 19, 25, 27, 32, 64
1, 35, 4, 5, 15, 17, 19, 25, 61, 21
4, 5, 7, 9, 19, 20, 21, 27, 64, 32
1, 4, 5, 12, 19, 22, 56, 25, 27, 32
1, 65, 4, 5, 43, 17, 50, 19, 21, 32
1, 33, 4, 5, 52, 19, 20, 21, 22, 23
3, 4, 5, 9, 15, 48, 19, 61, 32, 27
1, 5, 39, 7, 52, 14, 19, 25, 26, 32
1, 4, 5, 9, 46, 19, 21, 24, 25, 61
65, 67, 4, 5, 9, 3, 15, 25, 61, 32
1, 33, 4, 5, 19, 20, 22, 25, 27, 32
3, 4, 5, 9, 15, 17, 50, 27, 37, 14
4, 5, 40, 22, 25, 37, 27, 61, 62, 32
2, 3, 4, 9, 41, 19, 25, 27, 61, 32
3, 4, 5, 9, 44, 46, 15, 19, 61, 25
3, 4, 5, 9, 42, 55, 25, 27, 61, 32
3, 4, 70, 39, 9, 19, 25, 27, 61, 32
3, 5, 9, 42, 19, 55, 25, 61, 32, 4
2, 3, 4, 5, 9, 67, 19, 25, 61, 32
67, 4, 69, 9, 46, 15, 36, 27, 61, 32
3, 4, 5, 39, 9, 13, 19, 25, 27, 32
3, 70, 15, 40, 9, 19, 25, 27, 61, 32
3, 4, 5, 39, 9, 15, 52, 25, 27, 32
3, 4, 5, 70, 7, 25, 27, 61, 32, 9
3, 5, 39, 9, 42, 52, 25, 27, 61, 32
2, 3, 4, 5, 49, 25, 27, 61, 32, 9
3, 4, 5, 9, 15, 19, 25, 27, 61, 32
4, 5, 6, 39, 9, 22, 25, 27, 32, 70
3, 4, 69, 39, 9, 25, 27, 61, 32, 22
3, 37, 39, 13, 16, 22, 25, 27, 61, 32
3, 4, 5, 9, 13, 17, 22, 27, 61, 32
3, 4, 5, 9, 48, 54, 25, 27, 62, 32
3, 70, 42, 44, 46, 51, 25, 58, 27, 61
3, 70, 42, 44, 46, 51, 25, 58, 27, 61
68, 70, 44, 17, 18, 25, 27, 61, 30, 32
2, 3, 70, 42, 48, 54, 25, 27, 61, 62
3, 68, 42, 44, 17, 16, 25, 27, 61, 32
65, 2, 4, 42, 22, 25, 27, 61, 32, 8
2, 68, 37, 46, 18, 25, 27, 61, 62, 32
3, 68, 42, 44, 46, 51, 25, 27, 61, 32
68, 70, 40, 42, 16, 49, 25, 27, 61, 46
3, 18, 42, 54, 56, 25, 58, 27, 61, 32
3, 4, 70, 41, 46, 17, 25, 27, 61, 32
68, 42, 44, 4, 52, 24, 25, 59, 61, 32
51, 70, 50, 16, 18, 25, 27, 48, 61, 32
3, 4, 55, 70, 42, 48, 23, 27, 61, 32
3, 68, 37, 39, 42, 48, 22, 25, 61, 32
2, 50, 38, 46, 18, 22, 25, 27, 61, 32
3, 68, 41, 44, 46, 57, 25, 59, 61, 32
3, 68, 70, 46, 18, 22, 25, 27, 61, 42
3, 4, 42, 44, 46, 54, 25, 27, 61, 32
2, 3, 70, 42, 57, 12, 25, 27, 61, 32
1, 4, 5, 9, 44, 14, 15, 21, 26, 32
1, 4, 5, 9, 44, 14, 15, 21, 26, 32
1, 4, 5, 9, 44, 41, 19, 21, 26, 61
1, 4, 5, 9, 19, 21, 22, 26, 61, 41
1, 4, 5, 9, 14, 50, 19, 57, 26, 21
1, 4, 5, 9, 46, 19, 21, 23, 26, 62
1, 4, 5, 9, 19, 20, 21, 22, 26, 62
1, 4, 5, 9, 19, 36, 12, 61, 32, 23
1, 4, 5, 38, 15, 20, 21, 23, 26, 61
1, 4, 5, 38, 46, 15, 36, 21, 28, 62
1, 4, 5, 9, 19, 36, 21, 23, 61, 32
4, 5, 38, 9, 19, 21, 26, 63, 32, 1
1, 4, 5, 9, 16, 19, 20, 21, 26, 41
1, 4, 5, 10, 19, 22, 23, 61, 30, 32
1, 35, 4, 5, 9, 19, 21, 23, 26, 61
1, 4, 5, 12, 19, 21, 26, 61, 62, 17
1, 4, 5, 10, 19, 21, 22, 42, 61, 63
1, 4, 5, 38, 46, 19, 61, 30, 32, 9
1, 4, 5, 9, 13, 70, 15, 20, 21, 24
1, 4, 5, 9, 48, 19, 20, 21, 62, 32
3, 5, 9, 46, 19, 20, 21, 57, 61, 45
1, 4, 5, 39, 9, 49, 19, 21, 61, 32
33, 4, 5, 38, 9, 16, 19, 20, 61, 31
1, 2, 67, 4, 5, 49, 19, 21, 61, 32
1, 4, 5, 9, 43, 49, 19, 21, 61, 64
1, 4, 5, 9, 43, 49, 19, 21, 61, 64
3, 4, 5, 9, 51, 21, 55, 64, 61, 32
3, 4, 5, 39, 9, 41, 19, 58, 61, 32
1, 3, 4, 5, 9, 19, 59, 61, 44, 23
1, 4, 5, 39, 9, 14, 48, 20, 21, 32
33, 4, 5, 9, 16, 19, 23, 61, 2, 1
64, 4, 5, 39, 9, 46, 19, 21, 32, 20
1, 4, 5, 41, 12, 46, 19, 23, 56, 26
66, 4, 5, 9, 19, 20, 59, 61, 30, 32
3, 4, 5, 39, 9, 41, 19, 61, 63, 58
1, 4, 5, 9, 46, 19, 52, 61, 62, 32
33, 68, 4, 5, 9, 49, 41, 20, 30, 32
3, 4, 5, 58, 18, 19, 21, 56, 32, 33
66, 4, 5, 70, 9, 48, 19, 52, 61, 32
1, 4, 5, 9, 46, 19, 20, 23, 56, 32
4, 5, 9, 43, 19, 26, 59, 61, 32, 15
4, 5, 13, 48, 49, 18, 19, 27, 32, 9
3, 4, 5, 38, 9, 50, 57, 59, 61, 32
4, 5, 9, 50, 19, 20, 28, 61, 32, 38
4, 5, 38, 9, 48, 19, 56, 10, 32, 64
3, 4, 5, 70, 9, 46, 18, 24, 32, 50
3, 4, 5, 38, 9, 49, 19, 55, 56, 32
3, 4, 5, 9, 43, 12, 19, 55, 57, 37
3, 4, 5, 9, 47, 19, 61, 30, 32, 43
3, 4, 6, 9, 32, 19, 20, 27, 28, 64
3, 4, 5, 9, 19, 20, 24, 61, 32, 34
33, 4, 5, 38, 9, 15, 19, 57, 32, 61
4, 5, 9, 43, 19, 24, 28, 61, 30, 32
3, 4, 5, 9, 43, 19, 57, 64, 61, 32
3, 4, 5, 39, 9, 19, 57, 64, 61, 32
3, 4, 6, 9, 19, 20, 61, 63, 64, 34
3, 4, 5, 70, 9, 19, 58, 31, 32, 1
3, 5, 7, 9, 15, 48, 57, 59, 14, 61
4, 5, 59, 9, 19, 24, 27, 61, 32, 48
33, 3, 4, 66, 48, 18, 19, 27, 61, 9
1, 4, 5, 9, 11, 19, 20, 21, 61, 62
1, 5, 9, 13, 15, 19, 21, 26, 32, 4
65, 4, 5, 9, 46, 19, 20, 21, 59, 32
1, 4, 5, 9, 15, 20, 53, 57, 21, 27
1, 4, 5, 9, 11, 15, 41, 19, 20, 63
4, 5, 9, 11, 20, 53, 57, 21, 15, 23
3, 4, 5, 9, 46, 15, 50, 19, 53, 61
1, 4, 5, 9, 27, 19, 53, 57, 58, 62
4, 5, 9, 15, 6, 20, 21, 24, 61, 63
1, 4, 5, 9, 15, 49, 53, 21, 30, 63
1, 4, 5, 9, 15, 21, 61, 62, 63, 32
3, 4, 38, 9, 15, 49, 21, 23, 57, 32
3, 4, 5, 29, 15, 19, 20, 57, 61, 32
1, 4, 5, 9, 11, 19, 20, 21, 63, 23
2, 4, 5, 9, 15, 19, 20, 57, 61, 32
1, 5, 38, 9, 15, 53, 57, 61, 62, 32
1, 4, 38, 9, 15, 19, 20, 21, 43, 62
1, 4, 5, 9, 11, 13, 19, 53, 21, 27
3, 4, 5, 9, 1, 41, 20, 21, 62, 32
1, 4, 5, 9, 11, 20, 37, 27, 61, 32
66, 3, 70, 9, 15, 19, 21, 25, 27, 32
33, 38, 9, 42, 48, 21, 25, 27, 61, 32
33, 38, 9, 44, 48, 46, 27, 28, 62, 32
3, 5, 70, 9, 15, 21, 57, 27, 61, 32
3, 70, 9, 42, 14, 15, 52, 57, 27, 32
3, 68, 6, 44, 14, 19, 52, 57, 61, 32
66, 3, 9, 42, 44, 19, 57, 27, 61, 32
3, 68, 6, 13, 15, 18, 57, 19, 32, 9
3, 38, 9, 42, 15, 18, 25, 27, 61, 32
3, 70, 9, 42, 14, 19, 27, 32, 29, 6
34, 37, 9, 44, 14, 48, 19, 52, 58, 32
33, 69, 9, 44, 14, 19, 25, 5, 27, 64
3, 5, 70, 9, 17, 14, 19, 25, 61, 32
33, 25, 9, 42, 44, 14, 21, 57, 61, 32
3, 9, 42, 44, 49, 43, 25, 27, 32, 70
33, 69, 9, 14, 48, 57, 19, 25, 61, 32
33, 5, 70, 9, 44, 14, 21, 57, 61, 32
1, 6, 9, 42, 44, 48, 19, 21, 27, 61
3, 5, 70, 9, 15, 57, 21, 25, 27, 68
38, 9, 44, 50, 21, 24, 25, 32, 42, 27
